<cur_step>,<num_susceptible>,<num_infected>,<num_recovered>
1,39,1,0
2,39,1,0
3,39,1,0
4,39,1,0
5,39,1,0
6,39,1,0
7,39,1,0
8,39,1,0
9,39,1,0
10,39,1,0
11,39,1,0
12,39,1,0
13,39,1,0
14,39,1,0
15,39,1,0
16,39,1,0
17,39,1,0
18,39,1,0
19,39,1,0
20,39,1,0
21,39,1,0
22,39,1,0
23,39,1,0
24,39,1,0
25,39,1,0
26,39,1,0
27,39,1,0
28,39,1,0
29,39,1,0
30,39,1,0
31,39,1,0
32,39,1,0
33,39,1,0
34,39,1,0
35,39,1,0
36,39,1,0
37,39,1,0
38,39,1,0
39,39,1,0
40,39,1,0
41,39,1,0
42,39,1,0
43,39,1,0
44,39,1,0
45,39,1,0
46,39,1,0
47,39,1,0
48,39,1,0
49,39,1,0
50,39,1,0
51,39,1,0
52,39,1,0
53,39,1,0
54,39,1,0
55,39,1,0
56,39,1,0
57,39,1,0
58,39,1,0
59,39,1,0
60,39,1,0
61,39,1,0
62,39,1,0
63,39,1,0
64,39,1,0
65,39,1,0
66,39,1,0
67,39,1,0
68,39,1,0
69,39,1,0
70,39,1,0
71,39,1,0
72,39,1,0
73,39,1,0
74,39,1,0
75,39,1,0
76,39,1,0
77,39,1,0
78,39,1,0
79,39,1,0
80,39,1,0
81,39,1,0
82,39,1,0
83,39,1,0
84,39,1,0
85,39,1,0
86,39,1,0
87,39,1,0
88,39,1,0
89,39,1,0
90,39,1,0
91,39,1,0
92,39,1,0
93,39,1,0
94,39,1,0
95,39,1,0
96,39,1,0
97,39,1,0
98,39,1,0
99,39,1,0
100,39,1,0
101,39,1,0
102,39,1,0
103,39,1,0
104,39,1,0
105,39,1,0
106,39,1,0
107,39,1,0
108,39,1,0
109,39,1,0
110,39,1,0
111,39,1,0
112,39,1,0
113,39,1,0
114,39,1,0
115,39,1,0
116,39,1,0
117,39,1,0
118,39,1,0
119,39,1,0
120,39,1,0
121,39,1,0
122,39,1,0
123,39,1,0
124,39,1,0
125,39,1,0
126,39,1,0
127,39,1,0
128,39,1,0
129,39,1,0
130,39,1,0
131,39,1,0
132,39,1,0
133,39,1,0
134,39,1,0
135,39,1,0
136,39,1,0
137,39,1,0
138,39,1,0
139,39,1,0
140,39,1,0
141,39,1,0
142,39,1,0
143,39,1,0
144,39,1,0
145,39,1,0
146,39,1,0
147,39,1,0
148,39,1,0
149,39,1,0
150,39,1,0
151,39,1,0
152,39,1,0
153,39,1,0
154,39,1,0
155,39,1,0
156,39,1,0
157,39,1,0
158,39,1,0
159,39,1,0
160,39,1,0
161,39,1,0
162,39,1,0
163,39,1,0
164,39,1,0
165,39,1,0
166,39,1,0
167,39,1,0
168,39,1,0
169,39,1,0
170,39,1,0
171,39,1,0
172,39,1,0
173,39,1,0
174,39,1,0
175,39,1,0
176,39,1,0
177,39,1,0
178,39,1,0
179,39,1,0
180,39,1,0
181,39,1,0
182,39,1,0
183,39,1,0
184,39,1,0
185,39,1,0
186,39,1,0
187,39,1,0
188,39,1,0
189,39,1,0
190,39,1,0
191,39,1,0
192,39,1,0
193,39,1,0
194,39,1,0
195,39,1,0
196,39,1,0
197,39,1,0
198,39,1,0
199,39,1,0
200,39,1,0
201,39,1,0
202,39,1,0
203,39,1,0
204,39,1,0
205,39,1,0
206,39,1,0
207,39,1,0
208,39,1,0
209,39,1,0
210,39,1,0
211,39,1,0
212,39,1,0
213,39,1,0
214,39,1,0
215,39,1,0
216,39,1,0
217,39,1,0
218,39,1,0
219,39,1,0
220,39,1,0
221,39,1,0
222,39,1,0
223,39,1,0
224,39,1,0
225,39,1,0
226,39,1,0
227,39,1,0
228,39,1,0
229,39,1,0
230,39,1,0
231,39,1,0
232,39,1,0
233,39,1,0
234,39,1,0
235,39,1,0
236,39,1,0
237,39,1,0
238,39,1,0
239,39,1,0
240,39,1,0
241,39,1,0
242,39,1,0
243,39,1,0
244,39,1,0
245,39,1,0
246,39,1,0
247,39,1,0
248,39,1,0
249,39,1,0
250,39,1,0
251,39,1,0
252,39,1,0
253,39,1,0
254,39,1,0
255,39,1,0
256,39,1,0
257,39,1,0
258,39,1,0
259,39,1,0
260,39,1,0
261,39,1,0
262,39,1,0
263,39,1,0
264,39,1,0
265,39,1,0
266,39,1,0
267,39,1,0
268,39,1,0
269,39,1,0
270,39,1,0
271,39,1,0
272,39,1,0
273,39,1,0
274,39,1,0
275,39,1,0
276,39,1,0
277,39,1,0
278,39,1,0
279,39,1,0
280,39,1,0
281,39,1,0
282,39,1,0
283,39,1,0
284,39,1,0
285,39,1,0
286,39,1,0
287,39,1,0
288,39,1,0
289,39,1,0
290,39,1,0
291,39,1,0
292,39,1,0
293,39,1,0
294,39,1,0
295,39,1,0
296,39,1,0
297,39,1,0
298,39,1,0
299,39,1,0
300,39,1,0
301,39,1,0
302,39,1,0
303,39,1,0
304,39,1,0
305,39,1,0
306,39,1,0
307,39,1,0
308,39,1,0
309,39,1,0
310,39,1,0
311,39,1,0
312,39,1,0
313,39,1,0
314,39,1,0
315,39,1,0
316,39,1,0
317,39,1,0
318,39,1,0
319,39,1,0
320,39,1,0
321,39,1,0
322,39,1,0
323,39,1,0
324,39,1,0
325,39,1,0
326,39,1,0
327,39,1,0
328,39,1,0
329,39,1,0
330,39,1,0
331,39,1,0
332,39,1,0
333,39,1,0
334,39,1,0
335,39,1,0
336,39,1,0
337,39,1,0
338,39,1,0
339,39,1,0
340,39,1,0
341,39,1,0
342,39,1,0
343,39,1,0
344,39,1,0
345,39,1,0
346,39,1,0
347,39,1,0
348,39,1,0
349,39,1,0
350,39,1,0
351,39,1,0
352,39,1,0
353,39,1,0
354,39,1,0
355,39,1,0
356,39,1,0
357,39,1,0
358,39,1,0
359,39,1,0
360,39,1,0
361,39,1,0
362,39,1,0
363,39,1,0
364,39,1,0
365,39,1,0
366,39,1,0
367,39,1,0
368,39,1,0
369,39,1,0
370,39,1,0
371,39,1,0
372,39,1,0
373,39,1,0
374,39,1,0
375,39,1,0
376,39,1,0
377,39,1,0
378,39,1,0
379,39,1,0
380,39,1,0
381,39,1,0
382,39,1,0
383,39,1,0
384,39,1,0
385,39,1,0
386,39,1,0
387,39,1,0
388,39,1,0
389,39,1,0
390,39,1,0
391,39,1,0
392,39,1,0
393,39,1,0
394,39,1,0
395,39,1,0
396,39,1,0
397,39,1,0
398,39,1,0
399,39,1,0
400,39,1,0
401,39,1,0
402,39,1,0
403,39,1,0
404,39,1,0
405,39,1,0
406,39,1,0
407,39,1,0
408,39,1,0
409,39,1,0
410,39,1,0
411,39,1,0
412,39,1,0
413,39,1,0
414,39,1,0
415,39,1,0
416,39,1,0
417,39,1,0
418,39,1,0
419,39,1,0
420,39,1,0
421,39,1,0
422,39,1,0
423,39,1,0
424,39,1,0
425,39,1,0
426,39,1,0
427,39,1,0
428,39,1,0
429,39,1,0
430,39,1,0
431,39,1,0
432,39,1,0
433,39,1,0
434,39,1,0
435,39,1,0
436,39,1,0
437,39,1,0
438,39,1,0
439,39,1,0
440,39,1,0
441,39,1,0
442,39,1,0
443,39,1,0
444,39,1,0
445,39,1,0
446,39,1,0
447,39,1,0
448,39,1,0
449,39,1,0
450,39,1,0
451,39,1,0
452,39,1,0
453,39,1,0
454,39,1,0
455,39,1,0
456,39,1,0
457,39,1,0
458,39,1,0
459,39,1,0
460,39,1,0
461,39,1,0
462,39,1,0
463,39,1,0
464,39,1,0
465,39,1,0
466,39,1,0
467,39,1,0
468,39,1,0
469,39,1,0
470,39,1,0
471,39,1,0
472,39,1,0
473,39,1,0
474,39,1,0
475,39,1,0
476,39,1,0
477,39,1,0
478,39,1,0
479,39,1,0
480,39,1,0
481,39,1,0
482,39,1,0
483,39,1,0
484,39,1,0
485,39,1,0
486,39,1,0
487,39,1,0
488,39,1,0
489,39,1,0
490,39,1,0
491,39,1,0
492,39,1,0
493,39,1,0
494,39,1,0
495,39,1,0
496,39,1,0
497,39,1,0
498,39,1,0
499,39,1,0
500,39,1,0
501,39,1,0
502,39,1,0
503,39,1,0
504,39,1,0
505,39,1,0
506,39,1,0
507,39,1,0
508,39,1,0
509,39,1,0
510,39,1,0
511,39,1,0
512,39,1,0
513,39,1,0
514,39,1,0
515,39,1,0
516,39,1,0
517,39,1,0
518,39,1,0
519,39,1,0
520,39,1,0
521,39,1,0
522,39,1,0
523,39,1,0
524,39,1,0
525,39,1,0
526,39,1,0
527,39,1,0
528,39,1,0
529,39,1,0
530,39,1,0
531,39,1,0
532,39,1,0
533,39,1,0
534,39,1,0
535,39,1,0
536,39,1,0
537,39,1,0
538,39,1,0
539,39,1,0
540,39,1,0
541,39,1,0
542,39,1,0
543,39,1,0
544,39,1,0
545,39,1,0
546,39,1,0
547,39,1,0
548,39,1,0
549,39,1,0
550,39,1,0
551,39,1,0
552,39,1,0
553,39,1,0
554,39,1,0
555,39,1,0
556,39,1,0
557,39,1,0
558,39,1,0
559,39,1,0
560,39,1,0
561,39,1,0
562,39,1,0
563,39,1,0
564,39,1,0
565,39,1,0
566,39,1,0
567,39,1,0
568,39,1,0
569,39,1,0
570,39,1,0
571,39,1,0
572,39,1,0
573,39,1,0
574,39,1,0
575,39,1,0
576,39,1,0
577,39,1,0
578,39,1,0
579,39,1,0
580,39,1,0
581,39,1,0
582,39,1,0
583,39,1,0
584,39,1,0
585,39,1,0
586,39,1,0
587,39,1,0
588,39,1,0
589,39,1,0
590,39,1,0
591,39,1,0
592,39,1,0
593,39,1,0
594,39,1,0
595,39,1,0
596,39,1,0
597,39,1,0
598,39,1,0
599,39,1,0
600,39,1,0
601,39,1,0
602,39,1,0
603,39,1,0
604,39,1,0
605,39,1,0
606,39,1,0
607,39,1,0
608,39,1,0
609,39,1,0
610,39,1,0
611,39,1,0
612,39,1,0
613,39,1,0
614,39,1,0
615,39,1,0
616,39,1,0
617,39,1,0
618,39,1,0
619,39,1,0
620,39,1,0
621,39,1,0
622,39,1,0
623,39,1,0
624,39,1,0
625,39,1,0
626,39,1,0
627,39,1,0
628,39,1,0
629,39,1,0
630,39,1,0
631,39,1,0
632,39,1,0
633,39,1,0
634,39,1,0
635,39,1,0
636,39,1,0
637,39,1,0
638,39,1,0
639,39,1,0
640,39,1,0
641,39,1,0
642,39,1,0
643,39,1,0
644,39,1,0
645,39,1,0
646,39,1,0
647,39,1,0
648,39,1,0
649,39,1,0
650,39,1,0
651,39,1,0
652,39,1,0
653,39,1,0
654,39,1,0
655,39,1,0
656,39,1,0
657,39,1,0
658,39,1,0
659,39,1,0
660,39,1,0
661,39,1,0
662,39,1,0
663,39,1,0
664,39,1,0
665,39,1,0
666,39,1,0
667,39,1,0
668,39,1,0
669,39,1,0
670,39,1,0
671,39,1,0
672,39,1,0
673,39,1,0
674,39,1,0
675,39,1,0
676,39,1,0
677,39,1,0
678,39,1,0
679,39,1,0
680,39,1,0
681,39,1,0
682,39,1,0
683,39,1,0
684,39,1,0
685,39,1,0
686,39,1,0
687,39,1,0
688,39,1,0
689,39,1,0
690,39,1,0
691,39,1,0
692,39,1,0
693,39,1,0
694,39,1,0
695,39,1,0
696,39,1,0
697,39,1,0
698,39,1,0
699,39,1,0
700,39,1,0
701,39,1,0
702,39,1,0
703,39,1,0
704,39,1,0
705,39,1,0
706,39,1,0
707,39,1,0
708,39,1,0
709,39,1,0
710,39,1,0
711,39,1,0
712,39,1,0
713,39,1,0
714,39,1,0
715,39,1,0
716,39,1,0
717,39,1,0
718,39,1,0
719,39,1,0
720,39,1,0
721,39,1,0
722,39,1,0
723,39,1,0
724,39,1,0
725,39,1,0
726,39,1,0
727,39,1,0
728,39,1,0
729,39,1,0
730,39,1,0
731,39,1,0
732,39,1,0
733,39,1,0
734,39,1,0
735,39,1,0
736,39,1,0
737,39,1,0
738,39,1,0
739,39,1,0
740,39,1,0
741,39,1,0
742,39,1,0
743,39,1,0
744,39,1,0
745,39,1,0
746,39,1,0
747,39,1,0
748,39,1,0
749,39,1,0
750,39,1,0
751,39,1,0
752,39,1,0
753,39,1,0
754,39,1,0
755,39,1,0
756,39,1,0
757,39,1,0
758,38,2,0
759,38,2,0
760,38,2,0
761,38,2,0
762,38,2,0
763,38,2,0
764,38,2,0
765,38,2,0
766,38,2,0
767,38,2,0
768,38,2,0
769,38,2,0
770,38,2,0
771,38,2,0
772,38,2,0
773,38,2,0
774,38,2,0
775,38,2,0
776,38,2,0
777,38,2,0
778,38,2,0
779,38,2,0
780,38,2,0
781,38,2,0
782,38,2,0
783,38,2,0
784,38,2,0
785,38,2,0
786,38,2,0
787,38,2,0
788,38,2,0
789,38,2,0
790,38,2,0
791,38,2,0
792,38,2,0
793,38,2,0
794,38,2,0
795,38,2,0
796,38,2,0
797,38,2,0
798,38,2,0
799,38,2,0
800,38,2,0
801,38,2,0
802,38,2,0
803,38,2,0
804,38,2,0
805,38,2,0
806,38,2,0
807,38,2,0
808,38,2,0
809,38,2,0
810,38,2,0
811,38,2,0
812,38,2,0
813,38,2,0
814,38,2,0
815,38,2,0
816,38,2,0
817,38,2,0
818,38,2,0
819,38,2,0
820,38,2,0
821,38,2,0
822,38,2,0
823,38,2,0
824,38,2,0
825,38,2,0
826,38,2,0
827,38,2,0
828,38,2,0
829,38,2,0
830,38,2,0
831,38,2,0
832,38,2,0
833,38,2,0
834,38,2,0
835,38,2,0
836,38,2,0
837,38,2,0
838,38,2,0
839,38,2,0
840,38,2,0
841,38,2,0
842,38,2,0
843,38,2,0
844,38,2,0
845,38,2,0
846,38,2,0
847,38,2,0
848,38,2,0
849,38,2,0
850,38,2,0
851,38,2,0
852,38,2,0
853,38,2,0
854,38,2,0
855,38,2,0
856,38,2,0
857,38,2,0
858,38,2,0
859,38,2,0
860,38,2,0
861,38,2,0
862,38,2,0
863,38,2,0
864,38,2,0
865,38,2,0
866,38,2,0
867,38,2,0
868,38,2,0
869,38,2,0
870,38,2,0
871,38,2,0
872,38,2,0
873,38,2,0
874,38,2,0
875,38,2,0
876,38,2,0
877,38,2,0
878,38,2,0
879,38,2,0
880,38,2,0
881,38,2,0
882,38,2,0
883,38,2,0
884,38,2,0
885,38,2,0
886,38,2,0
887,38,2,0
888,38,2,0
889,38,2,0
890,38,2,0
891,38,2,0
892,38,2,0
893,38,2,0
894,38,2,0
895,38,2,0
896,38,2,0
897,38,2,0
898,38,2,0
899,38,2,0
900,38,2,0
901,38,2,0
902,38,2,0
903,38,2,0
904,38,2,0
905,38,2,0
906,38,2,0
907,38,2,0
908,38,2,0
909,38,2,0
910,38,2,0
911,38,2,0
912,38,2,0
913,38,2,0
914,38,2,0
915,38,2,0
916,38,2,0
917,38,2,0
918,38,2,0
919,38,2,0
920,38,2,0
921,38,2,0
922,38,2,0
923,38,2,0
924,38,2,0
925,38,2,0
926,38,2,0
927,38,2,0
928,38,2,0
929,38,2,0
930,38,2,0
931,38,2,0
932,38,2,0
933,38,2,0
934,38,2,0
935,38,2,0
936,38,2,0
937,38,2,0
938,38,2,0
939,38,2,0
940,38,2,0
941,38,2,0
942,38,2,0
943,38,2,0
944,38,2,0
945,38,2,0
946,38,2,0
947,38,2,0
948,38,2,0
949,38,2,0
950,38,2,0
951,38,2,0
952,38,2,0
953,38,2,0
954,38,2,0
955,38,2,0
956,38,2,0
957,38,2,0
958,38,2,0
959,38,2,0
960,38,2,0
961,38,2,0
962,38,2,0
963,38,2,0
964,38,2,0
965,38,2,0
966,38,2,0
967,38,2,0
968,38,2,0
969,38,2,0
970,38,2,0
971,38,2,0
972,38,2,0
973,38,2,0
974,38,2,0
975,38,2,0
976,38,2,0
977,38,2,0
978,38,2,0
979,38,2,0
980,38,2,0
981,38,2,0
982,38,2,0
983,38,2,0
984,38,2,0
985,38,2,0
986,38,2,0
987,38,2,0
988,38,2,0
989,38,2,0
990,38,2,0
991,38,2,0
992,38,2,0
993,38,2,0
994,38,2,0
995,38,2,0
996,38,2,0
997,38,2,0
998,38,2,0
999,38,2,0
1000,38,2,0
1001,38,2,0
1002,38,2,0
1003,38,2,0
1004,38,2,0
1005,38,2,0
1006,38,2,0
1007,38,2,0
1008,38,2,0
1009,38,2,0
1010,38,2,0
1011,38,2,0
1012,38,2,0
1013,38,2,0
1014,38,2,0
1015,38,2,0
1016,38,2,0
1017,38,2,0
1018,38,2,0
1019,38,2,0
1020,38,2,0
1021,38,2,0
1022,38,2,0
1023,38,2,0
1024,38,2,0
1025,38,2,0
1026,38,2,0
1027,38,2,0
1028,38,2,0
1029,38,2,0
1030,38,2,0
1031,38,2,0
1032,38,2,0
1033,38,2,0
1034,38,2,0
1035,38,2,0
1036,38,2,0
1037,38,2,0
1038,38,2,0
1039,38,2,0
1040,38,2,0
1041,38,2,0
1042,38,2,0
1043,38,2,0
1044,38,2,0
1045,38,2,0
1046,38,2,0
1047,38,2,0
1048,38,2,0
1049,38,2,0
1050,38,2,0
1051,38,2,0
1052,38,2,0
1053,38,2,0
1054,38,2,0
1055,38,2,0
1056,38,2,0
1057,38,2,0
1058,38,2,0
1059,38,2,0
1060,38,2,0
1061,38,2,0
1062,38,2,0
1063,38,2,0
1064,38,2,0
1065,38,2,0
1066,38,2,0
1067,38,2,0
1068,38,2,0
1069,38,2,0
1070,38,2,0
1071,38,2,0
1072,38,2,0
1073,38,2,0
1074,38,2,0
1075,38,2,0
1076,38,2,0
1077,38,2,0
1078,38,2,0
1079,38,2,0
1080,38,2,0
1081,38,2,0
1082,38,2,0
1083,38,2,0
1084,38,2,0
1085,38,2,0
1086,38,2,0
1087,38,2,0
1088,38,2,0
1089,38,2,0
1090,37,3,0
1091,37,3,0
1092,37,3,0
1093,37,3,0
1094,37,3,0
1095,37,3,0
1096,37,3,0
1097,37,3,0
1098,37,3,0
1099,37,3,0
1100,37,3,0
1101,37,3,0
1102,37,3,0
1103,37,3,0
1104,37,3,0
1105,37,3,0
1106,37,3,0
1107,37,3,0
1108,37,3,0
1109,37,3,0
1110,37,3,0
1111,37,3,0
1112,37,3,0
1113,37,3,0
1114,37,3,0
1115,37,3,0
1116,37,3,0
1117,37,3,0
1118,37,3,0
1119,37,3,0
1120,37,3,0
1121,37,3,0
1122,37,3,0
1123,37,3,0
1124,37,3,0
1125,37,3,0
1126,37,3,0
1127,37,3,0
1128,37,3,0
1129,37,3,0
1130,37,3,0
1131,37,3,0
1132,37,3,0
1133,37,3,0
1134,37,3,0
1135,37,3,0
1136,37,3,0
1137,37,3,0
1138,37,3,0
1139,37,3,0
1140,37,3,0
1141,37,3,0
1142,37,3,0
1143,37,3,0
1144,37,3,0
1145,37,3,0
1146,37,3,0
1147,37,3,0
1148,37,3,0
1149,37,3,0
1150,37,3,0
1151,37,3,0
1152,37,3,0
1153,37,3,0
1154,37,3,0
1155,37,3,0
1156,37,3,0
1157,37,3,0
1158,37,3,0
1159,37,3,0
1160,37,3,0
1161,37,3,0
1162,37,3,0
1163,37,3,0
1164,37,3,0
1165,37,3,0
1166,37,3,0
1167,37,3,0
1168,37,3,0
1169,37,3,0
1170,37,3,0
1171,37,3,0
1172,37,3,0
1173,37,3,0
1174,37,3,0
1175,37,3,0
1176,37,3,0
1177,37,3,0
1178,37,3,0
1179,37,3,0
1180,37,3,0
1181,37,3,0
1182,36,4,0
1183,36,4,0
1184,36,4,0
1185,36,4,0
1186,36,4,0
1187,36,4,0
1188,36,4,0
1189,36,4,0
1190,36,4,0
1191,36,4,0
1192,36,4,0
1193,36,4,0
1194,36,4,0
1195,36,4,0
1196,36,4,0
1197,36,4,0
1198,36,4,0
1199,36,4,0
1200,36,4,0
1201,36,4,0
1202,36,4,0
1203,36,4,0
1204,36,4,0
1205,36,4,0
1206,36,4,0
1207,36,4,0
1208,36,4,0
1209,36,4,0
1210,36,4,0
1211,36,4,0
1212,36,4,0
1213,36,4,0
1214,36,4,0
1215,36,4,0
1216,36,4,0
1217,36,4,0
1218,36,4,0
1219,36,4,0
1220,36,4,0
1221,36,4,0
1222,36,4,0
1223,36,4,0
1224,36,4,0
1225,36,4,0
1226,36,4,0
1227,36,4,0
1228,36,4,0
1229,36,4,0
1230,36,4,0
1231,36,4,0
1232,36,4,0
1233,36,4,0
1234,36,4,0
1235,36,4,0
1236,36,4,0
1237,36,4,0
1238,36,4,0
1239,36,4,0
1240,36,4,0
1241,36,4,0
1242,36,4,0
1243,36,4,0
1244,36,4,0
1245,36,4,0
1246,36,4,0
1247,36,4,0
1248,36,4,0
1249,36,4,0
1250,36,4,0
1251,36,4,0
1252,36,4,0
1253,36,4,0
1254,36,4,0
1255,36,4,0
1256,36,4,0
1257,36,4,0
1258,36,4,0
1259,36,4,0
1260,36,4,0
1261,36,4,0
1262,36,4,0
1263,36,4,0
1264,36,4,0
1265,36,4,0
1266,36,4,0
1267,36,4,0
1268,36,4,0
1269,36,4,0
1270,36,4,0
1271,36,4,0
1272,36,4,0
1273,36,4,0
1274,36,4,0
1275,36,4,0
1276,36,4,0
1277,36,4,0
1278,36,4,0
1279,36,4,0
1280,36,4,0
1281,36,4,0
1282,36,4,0
1283,36,4,0
1284,36,4,0
1285,36,4,0
1286,36,4,0
1287,36,4,0
1288,36,4,0
1289,36,4,0
1290,36,4,0
1291,36,4,0
1292,36,4,0
1293,36,4,0
1294,36,4,0
1295,36,4,0
1296,36,4,0
1297,36,4,0
1298,36,4,0
1299,36,4,0
1300,36,4,0
1301,36,4,0
1302,36,4,0
1303,36,4,0
1304,36,4,0
1305,36,4,0
1306,36,4,0
1307,36,4,0
1308,36,4,0
1309,36,4,0
1310,36,4,0
1311,36,4,0
1312,35,5,0
1313,34,6,0
1314,34,6,0
1315,34,6,0
1316,34,6,0
1317,34,6,0
1318,34,6,0
1319,34,6,0
1320,34,6,0
1321,34,6,0
1322,34,6,0
1323,34,6,0
1324,34,6,0
1325,34,6,0
1326,34,6,0
1327,34,6,0
1328,34,6,0
1329,34,6,0
1330,34,6,0
1331,34,6,0
1332,34,6,0
1333,34,6,0
1334,34,6,0
1335,34,6,0
1336,34,6,0
1337,34,6,0
1338,34,6,0
1339,34,6,0
1340,34,6,0
1341,34,6,0
1342,34,6,0
1343,34,6,0
1344,34,6,0
1345,34,6,0
1346,34,6,0
1347,34,6,0
1348,34,6,0
1349,34,6,0
1350,34,6,0
1351,34,6,0
1352,34,6,0
1353,34,6,0
1354,34,6,0
1355,34,6,0
1356,34,6,0
1357,34,6,0
1358,34,6,0
1359,34,6,0
1360,34,6,0
1361,34,6,0
1362,34,6,0
1363,34,6,0
1364,34,6,0
1365,34,6,0
1366,34,6,0
1367,34,6,0
1368,34,6,0
1369,34,6,0
1370,34,6,0
1371,34,6,0
1372,34,6,0
1373,34,6,0
1374,34,6,0
1375,34,6,0
1376,34,6,0
1377,34,6,0
1378,34,6,0
1379,34,6,0
1380,34,6,0
1381,34,6,0
1382,34,6,0
1383,34,6,0
1384,34,6,0
1385,34,6,0
1386,34,6,0
1387,34,6,0
1388,34,6,0
1389,34,6,0
1390,34,6,0
1391,34,6,0
1392,34,6,0
1393,34,6,0
1394,34,6,0
1395,34,6,0
1396,34,6,0
1397,34,6,0
1398,34,6,0
1399,34,6,0
1400,34,6,0
1401,34,6,0
1402,34,6,0
1403,34,6,0
1404,34,6,0
1405,34,6,0
1406,34,6,0
1407,34,6,0
1408,34,6,0
1409,34,6,0
1410,34,6,0
1411,34,6,0
1412,34,6,0
1413,34,6,0
1414,34,6,0
1415,34,6,0
1416,34,6,0
1417,34,6,0
1418,34,6,0
1419,34,6,0
1420,34,6,0
1421,34,6,0
1422,34,6,0
1423,34,6,0
1424,34,6,0
1425,34,6,0
1426,34,6,0
1427,34,6,0
1428,34,6,0
1429,34,6,0
1430,34,6,0
1431,34,6,0
1432,34,6,0
1433,34,6,0
1434,34,6,0
1435,34,6,0
1436,34,6,0
1437,34,6,0
1438,34,6,0
1439,34,6,0
1440,34,6,0
1441,34,6,0
1442,34,6,0
1443,34,6,0
1444,34,6,0
1445,34,6,0
1446,34,6,0
1447,34,6,0
1448,34,6,0
1449,33,7,0
1450,33,7,0
1451,33,7,0
1452,33,7,0
1453,33,7,0
1454,33,7,0
1455,33,7,0
1456,33,7,0
1457,33,7,0
1458,33,7,0
1459,33,7,0
1460,33,7,0
1461,33,7,0
1462,33,7,0
1463,33,7,0
1464,33,7,0
1465,33,7,0
1466,33,7,0
1467,33,7,0
1468,33,7,0
1469,33,7,0
1470,33,7,0
1471,33,7,0
1472,33,7,0
1473,33,7,0
1474,33,7,0
1475,33,7,0
1476,33,7,0
1477,33,7,0
1478,33,7,0
1479,33,7,0
1480,33,7,0
1481,33,7,0
1482,33,7,0
1483,33,7,0
1484,33,7,0
1485,33,7,0
1486,33,7,0
1487,33,7,0
1488,33,7,0
1489,33,7,0
1490,33,7,0
1491,33,7,0
1492,33,7,0
1493,33,7,0
1494,33,7,0
1495,33,7,0
1496,32,8,0
1497,32,8,0
1498,32,8,0
1499,32,8,0
1500,32,8,0
1501,32,8,0
1502,32,8,0
1503,32,8,0
1504,32,8,0
1505,32,8,0
1506,32,8,0
1507,32,8,0
1508,32,8,0
1509,32,8,0
1510,32,8,0
1511,32,8,0
1512,32,8,0
1513,32,8,0
1514,32,8,0
1515,32,8,0
1516,32,8,0
1517,32,8,0
1518,32,8,0
1519,32,8,0
1520,32,8,0
1521,32,8,0
1522,32,8,0
1523,32,8,0
1524,32,8,0
1525,32,8,0
1526,32,8,0
1527,32,8,0
1528,32,8,0
1529,32,8,0
1530,32,8,0
1531,32,8,0
1532,32,8,0
1533,32,8,0
1534,32,8,0
1535,32,8,0
1536,32,8,0
1537,32,8,0
1538,32,8,0
1539,32,8,0
1540,32,8,0
1541,32,8,0
1542,32,8,0
1543,32,8,0
1544,32,8,0
1545,32,8,0
1546,32,8,0
1547,32,8,0
1548,32,8,0
1549,32,8,0
1550,32,8,0
1551,32,8,0
1552,32,8,0
1553,32,8,0
1554,32,8,0
1555,32,8,0
1556,32,8,0
1557,32,8,0
1558,32,8,0
1559,32,8,0
1560,32,8,0
1561,32,8,0
1562,32,8,0
1563,32,8,0
1564,32,8,0
1565,32,8,0
1566,32,8,0
1567,32,8,0
1568,32,8,0
1569,32,8,0
1570,32,8,0
1571,32,8,0
1572,32,8,0
1573,32,8,0
1574,32,8,0
1575,32,8,0
1576,32,8,0
1577,32,8,0
1578,32,8,0
1579,32,8,0
1580,32,8,0
1581,32,8,0
1582,32,8,0
1583,32,8,0
1584,32,8,0
1585,32,8,0
1586,32,8,0
1587,32,8,0
1588,32,8,0
1589,32,8,0
1590,32,8,0
1591,32,8,0
1592,32,8,0
1593,32,8,0
1594,32,8,0
1595,32,8,0
1596,32,8,0
1597,32,8,0
1598,32,8,0
1599,32,8,0
1600,32,8,0
1601,32,8,0
1602,32,8,0
1603,32,8,0
1604,32,8,0
1605,32,8,0
1606,32,8,0
1607,32,8,0
1608,32,8,0
1609,32,8,0
1610,32,8,0
1611,32,8,0
1612,32,8,0
1613,32,8,0
1614,32,8,0
1615,32,8,0
1616,31,9,0
1617,31,9,0
1618,31,9,0
1619,31,9,0
1620,31,9,0
1621,31,9,0
1622,31,9,0
1623,31,9,0
1624,31,9,0
1625,31,9,0
1626,31,9,0
1627,31,9,0
1628,31,9,0
1629,31,9,0
1630,31,9,0
1631,31,9,0
1632,31,9,0
1633,31,9,0
1634,31,9,0
1635,31,9,0
1636,31,9,0
1637,31,9,0
1638,31,9,0
1639,31,9,0
1640,31,9,0
1641,31,9,0
1642,31,9,0
1643,31,9,0
1644,31,9,0
1645,31,9,0
1646,31,9,0
1647,31,9,0
1648,31,9,0
1649,31,9,0
1650,31,9,0
1651,31,9,0
1652,31,9,0
1653,31,9,0
1654,31,9,0
1655,31,9,0
1656,31,9,0
1657,31,9,0
1658,31,9,0
1659,31,9,0
1660,31,9,0
1661,31,9,0
1662,31,9,0
1663,31,9,0
1664,31,9,0
1665,31,9,0
1666,31,9,0
1667,31,9,0
1668,31,9,0
1669,31,9,0
1670,31,9,0
1671,31,9,0
1672,31,9,0
1673,31,9,0
1674,31,9,0
1675,31,9,0
1676,31,9,0
1677,31,9,0
1678,31,9,0
1679,31,9,0
1680,31,9,0
1681,31,9,0
1682,31,9,0
1683,31,9,0
1684,31,9,0
1685,31,9,0
1686,31,9,0
1687,31,9,0
1688,31,9,0
1689,31,9,0
1690,31,9,0
1691,31,9,0
1692,31,9,0
1693,31,9,0
1694,31,9,0
1695,30,10,0
1696,30,10,0
1697,30,10,0
1698,30,10,0
1699,30,10,0
1700,30,10,0
1701,30,10,0
1702,30,10,0
1703,30,10,0
1704,30,10,0
1705,30,10,0
1706,30,10,0
1707,30,10,0
1708,30,10,0
1709,30,10,0
1710,30,10,0
1711,30,10,0
1712,30,10,0
1713,30,10,0
1714,30,10,0
1715,30,10,0
1716,30,10,0
1717,30,10,0
1718,30,10,0
1719,30,10,0
1720,30,10,0
1721,30,10,0
1722,30,10,0
1723,30,10,0
1724,30,10,0
1725,30,10,0
1726,30,10,0
1727,30,10,0
1728,30,10,0
1729,30,10,0
1730,30,10,0
1731,30,10,0
1732,30,10,0
1733,30,10,0
1734,30,10,0
1735,30,10,0
1736,30,10,0
1737,30,10,0
1738,30,10,0
1739,30,10,0
1740,30,10,0
1741,30,10,0
1742,30,10,0
1743,30,10,0
1744,30,10,0
1745,30,10,0
1746,30,10,0
1747,30,10,0
1748,30,10,0
1749,30,10,0
1750,30,10,0
1751,30,10,0
1752,30,10,0
1753,30,10,0
1754,30,10,0
1755,30,10,0
1756,30,10,0
1757,30,10,0
1758,30,10,0
1759,30,10,0
1760,30,10,0
1761,30,10,0
1762,30,10,0
1763,30,10,0
1764,30,10,0
1765,30,10,0
1766,30,10,0
1767,30,10,0
1768,30,10,0
1769,30,10,0
1770,30,10,0
1771,30,10,0
1772,30,10,0
1773,30,10,0
1774,30,10,0
1775,30,10,0
1776,30,10,0
1777,30,10,0
1778,30,10,0
1779,30,10,0
1780,30,10,0
1781,30,10,0
1782,30,10,0
1783,30,10,0
1784,30,10,0
1785,30,10,0
1786,30,10,0
1787,30,10,0
1788,30,10,0
1789,30,10,0
1790,30,10,0
1791,30,10,0
1792,30,10,0
1793,30,10,0
1794,30,10,0
1795,30,10,0
1796,30,10,0
1797,30,10,0
1798,30,10,0
1799,30,10,0
1800,30,10,0
1801,30,10,0
1802,30,10,0
1803,30,10,0
1804,30,10,0
1805,30,10,0
1806,30,10,0
1807,30,10,0
1808,30,10,0
1809,30,10,0
1810,30,10,0
1811,30,10,0
1812,30,10,0
1813,29,11,0
1814,29,11,0
1815,29,11,0
1816,29,11,0
1817,29,11,0
1818,29,11,0
1819,29,11,0
1820,29,11,0
1821,29,11,0
1822,29,11,0
1823,29,11,0
1824,29,11,0
1825,29,11,0
1826,29,11,0
1827,29,11,0
1828,29,11,0
1829,29,11,0
1830,29,11,0
1831,29,11,0
1832,29,11,0
1833,29,11,0
1834,29,11,0
1835,29,11,0
1836,29,11,0
1837,29,11,0
1838,29,11,0
1839,29,11,0
1840,29,11,0
1841,29,11,0
1842,29,11,0
1843,29,11,0
1844,29,11,0
1845,29,11,0
1846,29,11,0
1847,29,11,0
1848,29,11,0
1849,29,11,0
1850,29,11,0
1851,29,11,0
1852,29,11,0
1853,29,11,0
1854,29,11,0
1855,29,11,0
1856,29,11,0
1857,29,11,0
1858,29,11,0
1859,29,11,0
1860,29,11,0
1861,29,11,0
1862,29,11,0
1863,29,11,0
1864,29,11,0
1865,29,11,0
1866,29,11,0
1867,29,11,0
1868,29,11,0
1869,29,11,0
1870,29,11,0
1871,29,11,0
1872,29,11,0
1873,29,11,0
1874,29,11,0
1875,29,11,0
1876,29,11,0
1877,29,11,0
1878,29,11,0
1879,29,11,0
1880,29,11,0
1881,29,11,0
1882,29,11,0
1883,29,11,0
1884,29,11,0
1885,29,11,0
1886,29,11,0
1887,29,11,0
1888,29,11,0
1889,29,11,0
1890,29,11,0
1891,29,11,0
1892,29,11,0
1893,29,11,0
1894,29,11,0
1895,29,11,0
1896,29,11,0
1897,29,11,0
1898,29,11,0
1899,29,11,0
1900,29,11,0
1901,29,11,0
1902,29,11,0
1903,29,11,0
1904,29,11,0
1905,29,11,0
1906,29,11,0
1907,29,11,0
1908,29,11,0
1909,29,11,0
1910,29,11,0
1911,29,11,0
1912,29,11,0
1913,29,11,0
1914,29,11,0
1915,29,11,0
1916,29,11,0
1917,29,11,0
1918,29,11,0
1919,29,11,0
1920,29,11,0
1921,29,11,0
1922,29,11,0
1923,29,11,0
1924,29,11,0
1925,29,11,0
1926,29,11,0
1927,29,11,0
1928,29,11,0
1929,29,11,0
1930,29,11,0
1931,29,11,0
1932,29,11,0
1933,29,11,0
1934,29,11,0
1935,29,11,0
1936,29,11,0
1937,29,11,0
1938,29,11,0
1939,29,11,0
1940,28,12,0
1941,28,12,0
1942,28,12,0
1943,28,12,0
1944,28,12,0
1945,28,12,0
1946,28,12,0
1947,28,12,0
1948,28,12,0
1949,28,12,0
1950,28,12,0
1951,28,12,0
1952,28,12,0
1953,28,12,0
1954,28,12,0
1955,28,12,0
1956,28,12,0
1957,28,12,0
1958,28,12,0
1959,28,12,0
1960,28,12,0
1961,28,12,0
1962,28,12,0
1963,28,12,0
1964,28,12,0
1965,28,12,0
1966,28,12,0
1967,28,12,0
1968,28,12,0
1969,28,12,0
1970,28,12,0
1971,28,12,0
1972,28,12,0
1973,28,12,0
1974,28,12,0
1975,28,12,0
1976,28,12,0
1977,28,12,0
1978,28,12,0
1979,28,12,0
1980,28,12,0
1981,28,12,0
1982,28,12,0
1983,28,12,0
1984,28,12,0
1985,28,12,0
1986,28,12,0
1987,28,12,0
1988,28,12,0
1989,28,12,0
1990,28,12,0
1991,28,12,0
1992,28,12,0
1993,28,12,0
1994,28,12,0
1995,28,12,0
1996,28,12,0
1997,28,12,0
1998,28,12,0
1999,28,12,0
2000,28,12,0
2001,28,12,0
2002,28,12,0
2003,28,12,0
2004,28,12,0
2005,28,12,0
2006,28,12,0
2007,28,12,0
2008,28,12,0
2009,28,12,0
2010,28,12,0
2011,28,12,0
2012,28,12,0
2013,28,12,0
2014,28,12,0
2015,28,12,0
2016,28,12,0
2017,28,12,0
2018,28,12,0
2019,28,12,0
2020,28,12,0
2021,28,12,0
2022,28,12,0
2023,28,12,0
2024,28,12,0
2025,28,12,0
2026,28,12,0
2027,28,12,0
2028,28,12,0
2029,28,12,0
2030,28,12,0
2031,28,12,0
2032,28,12,0
2033,28,12,0
2034,28,12,0
2035,28,12,0
2036,28,12,0
2037,28,12,0
2038,28,12,0
2039,28,12,0
2040,28,12,0
2041,28,12,0
2042,28,12,0
2043,28,12,0
2044,28,12,0
2045,28,12,0
2046,28,12,0
2047,28,12,0
2048,28,12,0
2049,28,12,0
2050,28,12,0
2051,28,12,0
2052,28,12,0
2053,28,12,0
2054,28,12,0
2055,28,12,0
2056,28,12,0
2057,28,12,0
2058,28,12,0
2059,28,12,0
2060,28,12,0
2061,28,12,0
2062,28,12,0
2063,28,12,0
2064,28,12,0
2065,28,12,0
2066,28,12,0
2067,28,12,0
2068,28,12,0
2069,28,12,0
2070,28,12,0
2071,28,12,0
2072,28,12,0
2073,28,12,0
2074,28,12,0
2075,28,12,0
2076,28,12,0
2077,28,12,0
2078,28,12,0
2079,28,12,0
2080,28,12,0
2081,28,12,0
2082,28,12,0
2083,28,12,0
2084,28,12,0
2085,28,12,0
2086,28,12,0
2087,28,12,0
2088,28,12,0
2089,28,12,0
2090,28,12,0
2091,28,12,0
2092,28,12,0
2093,28,12,0
2094,28,12,0
2095,28,12,0
2096,28,12,0
2097,28,12,0
2098,28,12,0
2099,28,12,0
2100,28,12,0
2101,28,12,0
2102,28,12,0
2103,28,12,0
2104,28,12,0
2105,28,12,0
2106,28,12,0
2107,28,12,0
2108,28,12,0
2109,28,12,0
2110,28,12,0
2111,28,12,0
2112,28,12,0
2113,28,12,0
2114,28,12,0
2115,28,12,0
2116,28,12,0
2117,28,12,0
2118,28,12,0
2119,28,12,0
2120,28,12,0
2121,28,12,0
2122,28,12,0
2123,28,12,0
2124,28,12,0
2125,28,12,0
2126,28,12,0
2127,28,12,0
2128,28,12,0
2129,28,12,0
2130,28,12,0
2131,28,12,0
2132,28,12,0
2133,28,12,0
2134,28,12,0
2135,28,12,0
2136,28,12,0
2137,28,12,0
2138,28,12,0
2139,28,12,0
2140,28,12,0
2141,28,12,0
2142,28,12,0
2143,28,12,0
2144,28,12,0
2145,28,12,0
2146,28,12,0
2147,28,12,0
2148,28,12,0
2149,28,12,0
2150,28,12,0
2151,28,12,0
2152,28,12,0
2153,28,12,0
2154,28,12,0
2155,28,12,0
2156,28,12,0
2157,28,12,0
2158,28,12,0
2159,28,12,0
2160,28,12,0
2161,28,12,0
2162,28,12,0
2163,28,12,0
2164,28,12,0
2165,28,12,0
2166,28,12,0
2167,28,12,0
2168,28,12,0
2169,28,12,0
2170,28,12,0
2171,28,12,0
2172,28,12,0
2173,28,12,0
2174,28,12,0
2175,28,12,0
2176,28,12,0
2177,28,12,0
2178,28,12,0
2179,28,12,0
2180,28,12,0
2181,28,12,0
2182,28,12,0
2183,28,12,0
2184,28,12,0
2185,28,12,0
2186,28,12,0
2187,28,12,0
2188,28,12,0
2189,28,12,0
2190,28,12,0
2191,28,12,0
2192,28,12,0
2193,28,12,0
2194,28,12,0
2195,28,12,0
2196,28,12,0
2197,27,13,0
2198,27,13,0
2199,27,13,0
2200,27,13,0
2201,27,13,0
2202,27,13,0
2203,27,13,0
2204,27,13,0
2205,27,13,0
2206,27,13,0
2207,27,13,0
2208,27,13,0
2209,27,13,0
2210,27,13,0
2211,27,13,0
2212,27,13,0
2213,27,13,0
2214,27,13,0
2215,27,13,0
2216,27,13,0
2217,27,13,0
2218,27,13,0
2219,27,13,0
2220,27,13,0
2221,27,13,0
2222,27,13,0
2223,27,13,0
2224,27,13,0
2225,27,13,0
2226,27,13,0
2227,27,13,0
2228,27,13,0
2229,27,13,0
2230,27,13,0
2231,27,13,0
2232,27,13,0
2233,27,13,0
2234,27,13,0
2235,27,13,0
2236,27,13,0
2237,27,13,0
2238,27,13,0
2239,27,13,0
2240,27,13,0
2241,27,13,0
2242,27,13,0
2243,27,13,0
2244,27,13,0
2245,27,13,0
2246,27,13,0
2247,27,13,0
2248,27,13,0
2249,27,13,0
2250,27,13,0
2251,27,13,0
2252,27,13,0
2253,27,13,0
2254,27,13,0
2255,27,13,0
2256,27,13,0
2257,27,13,0
2258,27,13,0
2259,27,13,0
2260,27,13,0
2261,27,13,0
2262,27,13,0
2263,27,13,0
2264,27,13,0
2265,27,13,0
2266,27,13,0
2267,27,13,0
2268,27,13,0
2269,27,13,0
2270,27,13,0
2271,27,13,0
2272,27,13,0
2273,27,13,0
2274,27,13,0
2275,27,13,0
2276,27,13,0
2277,27,13,0
2278,27,13,0
2279,27,13,0
2280,27,13,0
2281,27,13,0
2282,27,13,0
2283,27,13,0
2284,27,13,0
2285,27,13,0
2286,27,13,0
2287,27,13,0
2288,27,13,0
2289,27,13,0
2290,27,13,0
2291,27,13,0
2292,27,13,0
2293,27,13,0
2294,27,13,0
2295,27,13,0
2296,27,13,0
2297,27,13,0
2298,27,13,0
2299,27,13,0
2300,27,13,0
2301,27,13,0
2302,27,13,0
2303,27,13,0
2304,27,13,0
2305,27,13,0
2306,27,13,0
2307,27,13,0
2308,27,13,0
2309,27,13,0
2310,27,13,0
2311,27,13,0
2312,27,13,0
2313,27,13,0
2314,27,13,0
2315,27,13,0
2316,27,13,0
2317,27,13,0
2318,27,13,0
2319,27,13,0
2320,27,13,0
2321,27,13,0
2322,27,13,0
2323,27,13,0
2324,27,13,0
2325,27,13,0
2326,27,13,0
2327,27,13,0
2328,27,13,0
2329,27,13,0
2330,27,13,0
2331,27,13,0
2332,27,13,0
2333,27,13,0
2334,27,13,0
2335,27,13,0
2336,27,13,0
2337,27,13,0
2338,27,13,0
2339,27,13,0
2340,27,13,0
2341,27,13,0
2342,27,13,0
2343,27,13,0
2344,27,13,0
2345,27,13,0
2346,27,13,0
2347,27,13,0
2348,27,13,0
2349,27,13,0
2350,27,13,0
2351,27,13,0
2352,27,13,0
2353,27,13,0
2354,27,13,0
2355,27,13,0
2356,27,13,0
2357,27,13,0
2358,27,13,0
2359,27,13,0
2360,27,13,0
2361,27,13,0
2362,27,13,0
2363,27,13,0
2364,27,13,0
2365,27,13,0
2366,27,13,0
2367,27,13,0
2368,27,13,0
2369,27,13,0
2370,27,13,0
2371,27,13,0
2372,27,13,0
2373,27,13,0
2374,27,13,0
2375,27,13,0
2376,27,13,0
2377,27,13,0
2378,27,13,0
2379,27,13,0
2380,27,13,0
2381,27,13,0
2382,27,13,0
2383,27,13,0
2384,27,13,0
2385,27,13,0
2386,27,13,0
2387,27,13,0
2388,27,13,0
2389,26,14,0
2390,26,14,0
2391,26,14,0
2392,26,14,0
2393,26,14,0
2394,26,14,0
2395,26,14,0
2396,26,14,0
2397,26,14,0
2398,26,14,0
2399,26,14,0
2400,26,13,1
2401,26,13,1
2402,26,13,1
2403,26,13,1
2404,26,13,1
2405,26,13,1
2406,26,13,1
2407,26,13,1
2408,26,13,1
2409,26,13,1
2410,26,13,1
2411,26,13,1
2412,26,13,1
2413,26,13,1
2414,26,13,1
2415,26,13,1
2416,26,13,1
2417,26,13,1
2418,26,13,1
2419,26,13,1
2420,26,13,1
2421,26,13,1
2422,26,13,1
2423,26,13,1
2424,26,13,1
2425,26,13,1
2426,26,13,1
2427,26,13,1
2428,26,13,1
2429,26,13,1
2430,26,13,1
2431,26,13,1
2432,26,13,1
2433,26,13,1
2434,26,13,1
2435,26,13,1
2436,26,13,1
2437,26,13,1
2438,25,14,1
2439,25,14,1
2440,25,14,1
2441,25,14,1
2442,25,14,1
2443,25,14,1
2444,25,14,1
2445,25,14,1
2446,25,14,1
2447,25,14,1
2448,25,14,1
2449,25,14,1
2450,25,14,1
2451,25,14,1
2452,25,14,1
2453,25,14,1
2454,25,14,1
2455,25,14,1
2456,25,14,1
2457,25,14,1
2458,25,14,1
2459,25,14,1
2460,25,14,1
2461,25,14,1
2462,25,14,1
2463,25,14,1
2464,25,14,1
2465,25,14,1
2466,25,14,1
2467,25,14,1
2468,25,14,1
2469,25,14,1
2470,25,14,1
2471,25,14,1
2472,25,14,1
2473,25,14,1
2474,25,14,1
2475,25,14,1
2476,25,14,1
2477,25,14,1
2478,25,14,1
2479,25,14,1
2480,25,14,1
2481,25,14,1
2482,25,14,1
2483,25,14,1
2484,25,14,1
2485,25,14,1
2486,25,14,1
2487,25,14,1
2488,25,14,1
2489,25,14,1
2490,25,14,1
2491,25,14,1
2492,25,14,1
2493,25,14,1
2494,25,14,1
2495,25,14,1
2496,25,14,1
2497,25,14,1
2498,25,14,1
2499,25,14,1
2500,25,14,1
2501,25,14,1
2502,25,14,1
2503,25,14,1
2504,25,14,1
2505,25,14,1
2506,25,14,1
2507,25,14,1
2508,25,14,1
2509,25,14,1
2510,25,14,1
2511,25,14,1
2512,25,14,1
2513,25,14,1
2514,25,14,1
2515,25,14,1
2516,25,14,1
2517,25,14,1
2518,25,14,1
2519,25,14,1
2520,25,14,1
2521,25,14,1
2522,25,14,1
2523,25,14,1
2524,25,14,1
2525,25,14,1
2526,25,14,1
2527,25,14,1
2528,25,14,1
2529,24,15,1
2530,24,15,1
2531,24,15,1
2532,24,15,1
2533,24,15,1
2534,24,15,1
2535,24,15,1
2536,24,15,1
2537,24,15,1
2538,24,15,1
2539,24,15,1
2540,24,15,1
2541,24,15,1
2542,24,15,1
2543,24,15,1
2544,24,15,1
2545,24,15,1
2546,24,15,1
2547,24,15,1
2548,24,15,1
2549,24,15,1
2550,24,15,1
2551,24,15,1
2552,24,15,1
2553,24,15,1
2554,24,15,1
2555,24,15,1
2556,24,15,1
2557,24,15,1
2558,24,15,1
2559,24,15,1
2560,24,15,1
2561,24,15,1
2562,23,16,1
2563,23,16,1
2564,23,16,1
2565,23,16,1
2566,23,16,1
2567,23,16,1
2568,23,16,1
2569,23,16,1
2570,23,16,1
2571,23,16,1
2572,23,16,1
2573,23,16,1
2574,23,16,1
2575,23,16,1
2576,23,16,1
2577,23,16,1
2578,23,16,1
2579,23,16,1
2580,23,16,1
2581,23,16,1
2582,23,16,1
2583,23,16,1
2584,23,16,1
2585,23,16,1
2586,23,16,1
2587,23,16,1
2588,23,16,1
2589,23,16,1
2590,23,16,1
2591,23,16,1
2592,23,16,1
2593,23,16,1
2594,23,16,1
2595,22,17,1
2596,22,17,1
2597,22,17,1
2598,22,17,1
2599,22,17,1
2600,22,17,1
2601,22,17,1
2602,22,17,1
2603,22,17,1
2604,22,17,1
2605,22,17,1
2606,22,17,1
2607,22,17,1
2608,22,17,1
2609,22,17,1
2610,22,17,1
2611,22,17,1
2612,22,17,1
2613,22,17,1
2614,22,17,1
2615,22,17,1
2616,22,17,1
2617,22,17,1
2618,22,17,1
2619,22,17,1
2620,22,17,1
2621,22,17,1
2622,22,17,1
2623,22,17,1
2624,22,17,1
2625,22,17,1
2626,22,17,1
2627,22,17,1
2628,22,17,1
2629,22,17,1
2630,22,17,1
2631,22,17,1
2632,22,17,1
2633,22,17,1
2634,22,17,1
2635,22,17,1
2636,22,17,1
2637,22,17,1
2638,21,18,1
2639,21,18,1
2640,21,18,1
2641,21,18,1
2642,21,18,1
2643,21,18,1
2644,21,18,1
2645,21,18,1
2646,21,18,1
2647,21,18,1
2648,21,18,1
2649,21,18,1
2650,21,18,1
2651,21,18,1
2652,21,18,1
2653,21,18,1
2654,21,18,1
2655,21,18,1
2656,21,18,1
2657,21,18,1
2658,21,18,1
2659,21,18,1
2660,21,18,1
2661,21,18,1
2662,21,18,1
2663,21,18,1
2664,21,18,1
2665,21,18,1
2666,21,18,1
2667,21,18,1
2668,21,18,1
2669,21,18,1
2670,21,18,1
2671,21,18,1
2672,21,18,1
2673,21,18,1
2674,21,18,1
2675,21,18,1
2676,21,18,1
2677,21,18,1
2678,21,18,1
2679,21,18,1
2680,21,18,1
2681,21,18,1
2682,21,18,1
2683,21,18,1
2684,21,18,1
2685,21,18,1
2686,21,18,1
2687,21,18,1
2688,21,18,1
2689,21,18,1
2690,21,18,1
2691,21,18,1
2692,21,18,1
2693,21,18,1
2694,21,18,1
2695,21,18,1
2696,21,18,1
2697,21,18,1
2698,21,18,1
2699,21,18,1
2700,21,18,1
2701,21,18,1
2702,21,18,1
2703,21,18,1
2704,21,18,1
2705,21,18,1
2706,21,18,1
2707,21,18,1
2708,21,18,1
2709,21,18,1
2710,21,18,1
2711,21,18,1
2712,21,18,1
2713,21,18,1
2714,21,18,1
2715,21,18,1
2716,21,18,1
2717,21,18,1
2718,21,18,1
2719,21,18,1
2720,21,18,1
2721,21,18,1
2722,21,18,1
2723,21,18,1
2724,20,19,1
2725,20,19,1
2726,20,19,1
2727,20,19,1
2728,20,19,1
2729,20,19,1
2730,20,19,1
2731,20,19,1
2732,20,19,1
2733,20,19,1
2734,20,19,1
2735,20,19,1
2736,20,19,1
2737,20,19,1
2738,20,19,1
2739,20,19,1
2740,20,19,1
2741,20,19,1
2742,20,19,1
2743,20,19,1
2744,20,19,1
2745,20,19,1
2746,20,19,1
2747,20,19,1
2748,20,19,1
2749,20,19,1
2750,20,19,1
2751,20,19,1
2752,20,19,1
2753,20,19,1
2754,20,19,1
2755,20,19,1
2756,20,19,1
2757,20,19,1
2758,20,19,1
2759,20,19,1
2760,20,19,1
2761,20,19,1
2762,20,19,1
2763,20,19,1
2764,20,19,1
2765,20,19,1
2766,20,19,1
2767,20,19,1
2768,20,19,1
2769,20,19,1
2770,20,19,1
2771,20,19,1
2772,20,19,1
2773,20,19,1
2774,20,19,1
2775,20,19,1
2776,20,19,1
2777,20,19,1
2778,20,19,1
2779,20,19,1
2780,20,19,1
2781,20,19,1
2782,19,20,1
2783,19,20,1
2784,19,20,1
2785,19,20,1
2786,19,20,1
2787,19,20,1
2788,18,21,1
2789,17,22,1
2790,17,22,1
2791,17,22,1
2792,17,22,1
2793,17,22,1
2794,17,22,1
2795,17,22,1
2796,17,22,1
2797,17,22,1
2798,17,22,1
2799,17,22,1
2800,17,22,1
2801,17,22,1
2802,17,22,1
2803,17,22,1
2804,17,22,1
2805,17,22,1
2806,16,23,1
2807,16,23,1
2808,16,23,1
2809,16,23,1
2810,16,23,1
2811,16,23,1
2812,16,23,1
2813,16,23,1
2814,16,23,1
2815,16,23,1
2816,16,23,1
2817,16,23,1
2818,16,23,1
2819,16,23,1
2820,16,23,1
2821,16,23,1
2822,16,23,1
2823,16,23,1
2824,16,23,1
2825,16,23,1
2826,16,23,1
2827,16,23,1
2828,16,23,1
2829,16,23,1
2830,16,23,1
2831,16,23,1
2832,16,23,1
2833,16,23,1
2834,16,23,1
2835,16,23,1
2836,16,23,1
2837,16,23,1
2838,16,23,1
2839,16,23,1
2840,16,23,1
2841,16,23,1
2842,16,23,1
2843,16,23,1
2844,16,23,1
2845,16,23,1
2846,16,23,1
2847,16,23,1
2848,16,23,1
2849,16,23,1
2850,16,23,1
2851,16,23,1
2852,16,23,1
2853,16,23,1
2854,16,23,1
2855,16,23,1
2856,16,23,1
2857,15,24,1
2858,15,24,1
2859,15,24,1
2860,15,24,1
2861,15,24,1
2862,15,24,1
2863,15,24,1
2864,15,24,1
2865,15,24,1
2866,15,24,1
2867,15,24,1
2868,15,24,1
2869,15,24,1
2870,15,24,1
2871,15,24,1
2872,15,24,1
2873,15,24,1
2874,15,24,1
2875,15,24,1
2876,15,24,1
2877,15,24,1
2878,15,24,1
2879,15,24,1
2880,15,24,1
2881,15,24,1
2882,15,24,1
2883,15,24,1
2884,15,24,1
2885,15,24,1
2886,15,24,1
2887,15,24,1
2888,15,24,1
2889,15,24,1
2890,15,24,1
2891,15,24,1
2892,15,24,1
2893,15,24,1
2894,15,24,1
2895,15,24,1
2896,15,24,1
2897,15,24,1
2898,15,24,1
2899,15,24,1
2900,14,25,1
2901,14,25,1
2902,14,25,1
2903,14,25,1
2904,14,25,1
2905,14,25,1
2906,14,25,1
2907,14,25,1
2908,14,25,1
2909,14,25,1
2910,14,25,1
2911,14,25,1
2912,14,25,1
2913,14,25,1
2914,14,25,1
2915,14,25,1
2916,14,25,1
2917,14,25,1
2918,14,25,1
2919,14,25,1
2920,14,25,1
2921,14,25,1
2922,14,25,1
2923,14,25,1
2924,14,25,1
2925,14,25,1
2926,14,25,1
2927,14,25,1
2928,13,26,1
2929,13,26,1
2930,13,26,1
2931,13,26,1
2932,13,26,1
2933,13,26,1
2934,13,26,1
2935,13,26,1
2936,13,26,1
2937,13,26,1
2938,13,26,1
2939,13,26,1
2940,13,26,1
2941,13,26,1
2942,13,26,1
2943,13,26,1
2944,13,26,1
2945,13,26,1
2946,13,26,1
2947,13,26,1
2948,13,26,1
2949,13,26,1
2950,13,26,1
2951,13,26,1
2952,13,26,1
2953,13,26,1
2954,13,26,1
2955,13,26,1
2956,13,26,1
2957,13,26,1
2958,13,26,1
2959,13,26,1
2960,13,26,1
2961,13,26,1
2962,13,26,1
2963,13,26,1
2964,13,26,1
2965,13,26,1
2966,12,27,1
2967,12,27,1
2968,11,28,1
2969,11,28,1
2970,11,28,1
2971,11,28,1
2972,11,28,1
2973,11,28,1
2974,11,28,1
2975,11,28,1
2976,11,28,1
2977,11,28,1
2978,11,28,1
2979,11,28,1
2980,11,28,1
2981,11,28,1
2982,11,28,1
2983,11,28,1
2984,11,28,1
2985,11,28,1
2986,11,28,1
2987,11,28,1
2988,11,28,1
2989,11,28,1
2990,11,28,1
2991,11,28,1
2992,11,28,1
2993,11,28,1
2994,11,28,1
2995,11,28,1
2996,11,28,1
2997,11,28,1
2998,11,28,1
2999,11,28,1
3000,11,28,1
3001,11,28,1
3002,11,28,1
3003,10,29,1
3004,10,29,1
3005,10,29,1
3006,10,29,1
3007,10,29,1
3008,10,29,1
3009,10,29,1
3010,10,29,1
3011,10,29,1
3012,10,29,1
3013,10,29,1
3014,10,29,1
3015,10,29,1
3016,10,29,1
3017,10,29,1
3018,10,29,1
3019,10,29,1
3020,10,29,1
3021,10,29,1
3022,10,29,1
3023,10,29,1
3024,10,29,1
3025,10,29,1
3026,10,29,1
3027,10,29,1
3028,10,29,1
3029,10,29,1
3030,10,29,1
3031,10,29,1
3032,10,29,1
3033,10,29,1
3034,10,29,1
3035,10,29,1
3036,10,29,1
3037,10,29,1
3038,10,29,1
3039,10,29,1
3040,10,29,1
3041,10,29,1
3042,10,29,1
3043,10,29,1
3044,10,29,1
3045,10,29,1
3046,10,29,1
3047,10,29,1
3048,10,29,1
3049,10,29,1
3050,10,29,1
3051,10,29,1
3052,10,29,1
3053,10,29,1
3054,10,29,1
3055,10,29,1
3056,10,29,1
3057,10,29,1
3058,10,29,1
3059,10,29,1
3060,10,29,1
3061,10,29,1
3062,10,29,1
3063,10,29,1
3064,10,29,1
3065,10,29,1
3066,10,29,1
3067,9,30,1
3068,8,31,1
3069,8,31,1
3070,8,31,1
3071,8,31,1
3072,8,31,1
3073,8,31,1
3074,8,31,1
3075,8,31,1
3076,8,31,1
3077,8,31,1
3078,8,31,1
3079,8,31,1
3080,8,31,1
3081,8,31,1
3082,8,31,1
3083,8,31,1
3084,8,31,1
3085,8,31,1
3086,8,31,1
3087,8,31,1
3088,8,31,1
3089,8,31,1
3090,8,31,1
3091,8,31,1
3092,8,31,1
3093,8,31,1
3094,8,31,1
3095,8,31,1
3096,8,31,1
3097,8,31,1
3098,8,31,1
3099,8,31,1
3100,8,31,1
3101,8,31,1
3102,8,31,1
3103,8,31,1
3104,8,31,1
3105,8,31,1
3106,8,31,1
3107,8,31,1
3108,8,31,1
3109,8,31,1
3110,8,31,1
3111,8,31,1
3112,8,31,1
3113,8,31,1
3114,8,31,1
3115,8,31,1
3116,8,31,1
3117,8,31,1
3118,8,31,1
3119,8,31,1
3120,8,31,1
3121,8,31,1
3122,8,31,1
3123,8,31,1
3124,8,31,1
3125,8,31,1
3126,8,31,1
3127,8,31,1
3128,8,31,1
3129,8,31,1
3130,8,31,1
3131,8,31,1
3132,8,31,1
3133,8,31,1
3134,8,31,1
3135,8,31,1
3136,8,31,1
3137,8,31,1
3138,8,31,1
3139,8,31,1
3140,8,31,1
3141,8,31,1
3142,8,31,1
3143,8,31,1
3144,8,31,1
3145,8,31,1
3146,8,31,1
3147,8,31,1
3148,8,31,1
3149,8,31,1
3150,8,31,1
3151,8,31,1
3152,8,31,1
3153,8,31,1
3154,8,31,1
3155,8,31,1
3156,8,31,1
3157,8,31,1
3158,8,30,2
3159,8,30,2
3160,8,30,2
3161,8,30,2
3162,8,30,2
3163,8,30,2
3164,8,30,2
3165,8,30,2
3166,8,30,2
3167,8,30,2
3168,8,30,2
3169,8,30,2
3170,8,30,2
3171,8,30,2
3172,8,30,2
3173,8,30,2
3174,8,30,2
3175,8,30,2
3176,8,30,2
3177,8,30,2
3178,8,30,2
3179,8,30,2
3180,8,30,2
3181,8,30,2
3182,8,30,2
3183,8,30,2
3184,8,30,2
3185,8,30,2
3186,8,30,2
3187,8,30,2
3188,8,30,2
3189,8,30,2
3190,8,30,2
3191,8,30,2
3192,8,30,2
3193,8,30,2
3194,8,30,2
3195,8,30,2
3196,8,30,2
3197,8,30,2
3198,8,30,2
3199,8,30,2
3200,8,30,2
3201,8,30,2
3202,8,30,2
3203,8,30,2
3204,8,30,2
3205,8,30,2
3206,8,30,2
3207,8,30,2
3208,7,31,2
3209,6,32,2
3210,6,32,2
3211,6,32,2
3212,6,32,2
3213,6,32,2
3214,6,32,2
3215,6,32,2
3216,6,32,2
3217,6,32,2
3218,6,32,2
3219,6,32,2
3220,6,32,2
3221,6,32,2
3222,6,32,2
3223,6,32,2
3224,6,32,2
3225,6,32,2
3226,6,32,2
3227,6,32,2
3228,6,32,2
3229,6,32,2
3230,6,32,2
3231,6,32,2
3232,6,32,2
3233,6,32,2
3234,6,32,2
3235,6,32,2
3236,6,32,2
3237,6,32,2
3238,6,32,2
3239,6,32,2
3240,6,32,2
3241,6,32,2
3242,6,32,2
3243,6,32,2
3244,6,32,2
3245,6,32,2
3246,6,32,2
3247,6,32,2
3248,6,32,2
3249,6,32,2
3250,6,32,2
3251,6,32,2
3252,6,32,2
3253,6,32,2
3254,6,32,2
3255,6,32,2
3256,6,32,2
3257,6,32,2
3258,6,32,2
3259,6,32,2
3260,6,32,2
3261,6,32,2
3262,6,32,2
3263,6,32,2
3264,6,32,2
3265,6,32,2
3266,6,32,2
3267,6,32,2
3268,6,32,2
3269,6,32,2
3270,6,32,2
3271,6,32,2
3272,6,32,2
3273,6,32,2
3274,6,32,2
3275,6,32,2
3276,6,32,2
3277,6,32,2
3278,6,32,2
3279,6,32,2
3280,6,32,2
3281,6,32,2
3282,6,32,2
3283,6,32,2
3284,6,32,2
3285,6,32,2
3286,6,32,2
3287,6,32,2
3288,6,32,2
3289,6,32,2
3290,6,32,2
3291,6,32,2
3292,6,32,2
3293,6,32,2
3294,6,32,2
3295,6,32,2
3296,6,32,2
3297,6,32,2
3298,6,32,2
3299,6,32,2
3300,6,32,2
3301,6,32,2
3302,6,32,2
3303,6,32,2
3304,6,32,2
3305,6,32,2
3306,6,32,2
3307,6,32,2
3308,6,32,2
3309,6,32,2
3310,6,32,2
3311,6,32,2
3312,6,32,2
3313,6,32,2
3314,6,32,2
3315,6,32,2
3316,6,32,2
3317,6,32,2
3318,6,32,2
3319,6,32,2
3320,6,32,2
3321,6,32,2
3322,6,32,2
3323,6,32,2
3324,6,32,2
3325,6,32,2
3326,6,32,2
3327,6,32,2
3328,6,32,2
3329,6,32,2
3330,6,32,2
3331,6,32,2
3332,6,32,2
3333,6,32,2
3334,6,32,2
3335,6,32,2
3336,6,32,2
3337,6,32,2
3338,6,32,2
3339,6,32,2
3340,6,32,2
3341,6,32,2
3342,6,32,2
3343,6,32,2
3344,6,32,2
3345,6,32,2
3346,6,32,2
3347,6,32,2
3348,6,32,2
3349,6,32,2
3350,6,32,2
3351,6,32,2
3352,6,32,2
3353,6,32,2
3354,6,32,2
3355,6,32,2
3356,6,32,2
3357,6,32,2
3358,6,32,2
3359,6,32,2
3360,6,32,2
3361,6,32,2
3362,6,32,2
3363,6,32,2
3364,6,32,2
3365,6,32,2
3366,6,32,2
3367,6,32,2
3368,6,32,2
3369,6,32,2
3370,6,32,2
3371,6,32,2
3372,6,32,2
3373,6,32,2
3374,6,32,2
3375,6,32,2
3376,6,32,2
3377,6,32,2
3378,6,32,2
3379,6,32,2
3380,6,32,2
3381,6,32,2
3382,6,32,2
3383,6,32,2
3384,6,32,2
3385,6,32,2
3386,6,32,2
3387,6,32,2
3388,6,32,2
3389,6,32,2
3390,6,32,2
3391,6,32,2
3392,6,32,2
3393,6,32,2
3394,6,32,2
3395,6,32,2
3396,6,32,2
3397,6,32,2
3398,6,32,2
3399,6,32,2
3400,6,32,2
3401,6,32,2
3402,6,32,2
3403,6,32,2
3404,6,32,2
3405,6,32,2
3406,6,32,2
3407,6,32,2
3408,6,32,2
3409,5,33,2
3410,5,33,2
3411,5,33,2
3412,5,33,2
3413,5,33,2
3414,5,33,2
3415,5,33,2
3416,5,33,2
3417,5,33,2
3418,5,33,2
3419,5,33,2
3420,5,33,2
3421,5,33,2
3422,4,34,2
3423,4,34,2
3424,4,34,2
3425,4,34,2
3426,4,34,2
3427,4,34,2
3428,4,34,2
3429,4,34,2
3430,4,34,2
3431,4,34,2
3432,4,34,2
3433,4,34,2
3434,4,34,2
3435,4,34,2
3436,4,34,2
3437,4,34,2
3438,4,34,2
3439,4,34,2
3440,4,34,2
3441,4,34,2
3442,4,34,2
3443,4,34,2
3444,4,34,2
3445,4,34,2
3446,4,34,2
3447,4,34,2
3448,4,34,2
3449,4,34,2
3450,4,34,2
3451,4,34,2
3452,4,34,2
3453,4,34,2
3454,4,34,2
3455,4,34,2
3456,4,34,2
3457,4,34,2
3458,4,34,2
3459,4,34,2
3460,4,34,2
3461,4,34,2
3462,4,34,2
3463,4,34,2
3464,4,34,2
3465,4,34,2
3466,4,34,2
3467,4,34,2
3468,4,34,2
3469,4,34,2
3470,4,34,2
3471,4,34,2
3472,4,34,2
3473,4,34,2
3474,4,34,2
3475,4,34,2
3476,4,34,2
3477,4,34,2
3478,4,34,2
3479,4,34,2
3480,4,34,2
3481,4,34,2
3482,4,34,2
3483,4,34,2
3484,4,34,2
3485,4,34,2
3486,4,34,2
3487,4,34,2
3488,4,34,2
3489,4,34,2
3490,4,33,3
3491,4,33,3
3492,4,33,3
3493,4,33,3
3494,4,33,3
3495,4,33,3
3496,4,33,3
3497,4,33,3
3498,4,33,3
3499,4,33,3
3500,4,33,3
3501,4,33,3
3502,4,33,3
3503,4,33,3
3504,4,33,3
3505,4,33,3
3506,4,33,3
3507,4,33,3
3508,4,33,3
3509,4,33,3
3510,4,33,3
3511,4,33,3
3512,4,33,3
3513,4,33,3
3514,4,33,3
3515,4,33,3
3516,4,33,3
3517,4,33,3
3518,4,33,3
3519,4,33,3
3520,4,33,3
3521,4,33,3
3522,4,33,3
3523,4,33,3
3524,4,33,3
3525,4,33,3
3526,4,33,3
3527,4,33,3
3528,4,33,3
3529,4,33,3
3530,4,33,3
3531,4,33,3
3532,4,33,3
3533,4,33,3
3534,4,33,3
3535,4,33,3
3536,4,33,3
3537,4,33,3
3538,4,33,3
3539,4,33,3
3540,4,33,3
3541,4,33,3
3542,4,33,3
3543,4,33,3
3544,4,33,3
3545,4,33,3
3546,4,33,3
3547,4,33,3
3548,4,33,3
3549,4,33,3
3550,4,33,3
3551,4,33,3
3552,4,33,3
3553,4,33,3
3554,4,33,3
3555,4,33,3
3556,4,33,3
3557,4,33,3
3558,4,33,3
3559,4,33,3
3560,4,33,3
3561,4,33,3
3562,4,33,3
3563,4,33,3
3564,4,33,3
3565,4,33,3
3566,4,33,3
3567,4,33,3
3568,4,33,3
3569,4,33,3
3570,4,33,3
3571,4,33,3
3572,3,34,3
3573,3,34,3
3574,3,34,3
3575,3,34,3
3576,3,34,3
3577,3,34,3
3578,3,34,3
3579,3,34,3
3580,3,34,3
3581,3,34,3
3582,3,33,4
3583,3,33,4
3584,3,33,4
3585,3,33,4
3586,3,33,4
3587,3,33,4
3588,3,33,4
3589,3,33,4
3590,3,33,4
3591,3,33,4
3592,3,33,4
3593,3,33,4
3594,3,33,4
3595,3,33,4
3596,3,33,4
3597,3,33,4
3598,3,33,4
3599,3,33,4
3600,3,33,4
3601,3,33,4
3602,3,33,4
3603,3,33,4
3604,3,33,4
3605,3,33,4
3606,3,33,4
3607,3,33,4
3608,3,33,4
3609,3,33,4
3610,3,33,4
3611,3,33,4
3612,3,33,4
3613,3,33,4
3614,3,33,4
3615,3,33,4
3616,3,33,4
3617,3,33,4
3618,3,33,4
3619,3,33,4
3620,3,33,4
3621,3,33,4
3622,3,33,4
3623,3,33,4
3624,3,33,4
3625,3,33,4
3626,3,33,4
3627,3,33,4
3628,3,33,4
3629,3,33,4
3630,3,33,4
3631,3,33,4
3632,3,33,4
3633,3,33,4
3634,3,33,4
3635,3,33,4
3636,3,33,4
3637,3,33,4
3638,3,33,4
3639,3,33,4
3640,3,33,4
3641,3,33,4
3642,3,33,4
3643,3,33,4
3644,3,33,4
3645,3,33,4
3646,3,33,4
3647,3,33,4
3648,3,33,4
3649,3,33,4
3650,3,33,4
3651,3,33,4
3652,3,33,4
3653,3,33,4
3654,3,33,4
3655,3,33,4
3656,3,33,4
3657,3,33,4
3658,3,33,4
3659,3,33,4
3660,3,33,4
3661,3,33,4
3662,3,33,4
3663,3,33,4
3664,3,33,4
3665,3,33,4
3666,3,33,4
3667,3,33,4
3668,3,33,4
3669,3,33,4
3670,3,33,4
3671,3,33,4
3672,3,33,4
3673,3,33,4
3674,3,33,4
3675,3,33,4
3676,3,33,4
3677,3,33,4
3678,3,33,4
3679,3,33,4
3680,3,33,4
3681,3,33,4
3682,3,33,4
3683,3,33,4
3684,3,33,4
3685,3,33,4
3686,3,33,4
3687,3,33,4
3688,3,33,4
3689,3,33,4
3690,3,33,4
3691,3,33,4
3692,3,33,4
3693,3,33,4
3694,3,33,4
3695,3,33,4
3696,3,33,4
3697,3,33,4
3698,3,33,4
3699,3,33,4
3700,3,33,4
3701,3,33,4
3702,3,33,4
3703,3,33,4
3704,3,33,4
3705,3,33,4
3706,3,33,4
3707,3,33,4
3708,3,33,4
3709,3,33,4
3710,3,33,4
3711,3,33,4
3712,3,32,5
3713,3,31,6
3714,3,31,6
3715,3,31,6
3716,3,31,6
3717,3,31,6
3718,3,31,6
3719,3,31,6
3720,3,31,6
3721,3,31,6
3722,3,31,6
3723,3,31,6
3724,3,31,6
3725,3,31,6
3726,3,31,6
3727,3,31,6
3728,3,31,6
3729,3,31,6
3730,3,31,6
3731,3,31,6
3732,3,31,6
3733,3,31,6
3734,3,31,6
3735,3,31,6
3736,3,31,6
3737,3,31,6
3738,3,31,6
3739,3,31,6
3740,3,31,6
3741,3,31,6
3742,3,31,6
3743,3,31,6
3744,3,31,6
3745,3,31,6
3746,3,31,6
3747,3,31,6
3748,3,31,6
3749,3,31,6
3750,3,31,6
3751,3,31,6
3752,3,31,6
3753,3,31,6
3754,3,31,6
3755,3,31,6
3756,3,31,6
3757,3,31,6
3758,3,31,6
3759,3,31,6
3760,3,31,6
3761,3,31,6
3762,3,31,6
3763,3,31,6
3764,3,31,6
3765,3,31,6
3766,3,31,6
3767,3,31,6
3768,3,31,6
3769,3,31,6
3770,3,31,6
3771,3,31,6
3772,3,31,6
3773,3,31,6
3774,3,31,6
3775,3,31,6
3776,3,31,6
3777,3,31,6
3778,3,31,6
3779,3,31,6
3780,3,31,6
3781,3,31,6
3782,3,31,6
3783,3,31,6
3784,3,31,6
3785,3,31,6
3786,3,31,6
3787,3,31,6
3788,3,31,6
3789,3,31,6
3790,3,31,6
3791,3,31,6
3792,3,31,6
3793,3,31,6
3794,3,31,6
3795,3,31,6
3796,3,31,6
3797,3,31,6
3798,3,31,6
3799,3,31,6
3800,3,31,6
3801,3,31,6
3802,3,31,6
3803,3,31,6
3804,3,31,6
3805,3,31,6
3806,3,31,6
3807,3,31,6
3808,3,31,6
3809,3,31,6
3810,3,31,6
3811,3,31,6
3812,3,31,6
3813,3,31,6
3814,3,31,6
3815,3,31,6
3816,3,31,6
3817,3,31,6
3818,3,31,6
3819,3,31,6
3820,3,31,6
3821,3,31,6
3822,3,31,6
3823,3,31,6
3824,3,31,6
3825,3,31,6
3826,3,31,6
3827,3,31,6
3828,3,31,6
3829,3,31,6
3830,3,31,6
3831,3,31,6
3832,3,31,6
3833,3,31,6
3834,3,31,6
3835,3,31,6
3836,3,31,6
3837,3,31,6
3838,3,31,6
3839,3,31,6
3840,3,31,6
3841,3,31,6
3842,3,31,6
3843,3,31,6
3844,3,31,6
3845,3,31,6
3846,3,31,6
3847,3,31,6
3848,3,31,6
3849,3,30,7
3850,3,30,7
3851,3,30,7
3852,3,30,7
3853,3,30,7
3854,3,30,7
3855,3,30,7
3856,3,30,7
3857,3,30,7
3858,3,30,7
3859,3,30,7
3860,3,30,7
3861,3,30,7
3862,3,30,7
3863,3,30,7
3864,3,30,7
3865,3,30,7
3866,3,30,7
3867,3,30,7
3868,3,30,7
3869,3,30,7
3870,3,30,7
3871,3,30,7
3872,3,30,7
3873,3,30,7
3874,3,30,7
3875,3,30,7
3876,3,30,7
3877,3,30,7
3878,3,30,7
3879,3,30,7
3880,3,30,7
3881,3,30,7
3882,3,30,7
3883,3,30,7
3884,3,30,7
3885,3,30,7
3886,3,30,7
3887,3,30,7
3888,3,30,7
3889,3,30,7
3890,3,30,7
3891,3,30,7
3892,3,30,7
3893,3,30,7
3894,3,30,7
3895,3,30,7
3896,3,29,8
3897,3,29,8
3898,3,29,8
3899,3,29,8
3900,3,29,8
3901,3,29,8
3902,3,29,8
3903,3,29,8
3904,3,29,8
3905,3,29,8
3906,3,29,8
3907,3,29,8
3908,3,29,8
3909,3,29,8
3910,3,29,8
3911,3,29,8
3912,3,29,8
3913,3,29,8
3914,3,29,8
3915,3,29,8
3916,3,29,8
3917,3,29,8
3918,3,29,8
3919,3,29,8
3920,3,29,8
3921,3,29,8
3922,3,29,8
3923,3,29,8
3924,3,29,8
3925,3,29,8
3926,3,29,8
3927,3,29,8
3928,3,29,8
3929,3,29,8
3930,3,29,8
3931,3,29,8
3932,3,29,8
3933,3,29,8
3934,3,29,8
3935,3,29,8
3936,3,29,8
3937,3,29,8
3938,3,29,8
3939,3,29,8
3940,3,29,8
3941,3,29,8
3942,3,29,8
3943,3,29,8
3944,3,29,8
3945,3,29,8
3946,3,29,8
3947,3,29,8
3948,3,29,8
3949,3,29,8
3950,3,29,8
3951,3,29,8
3952,3,29,8
3953,3,29,8
3954,3,29,8
3955,3,29,8
3956,3,29,8
3957,3,29,8
3958,3,29,8
3959,3,29,8
3960,3,29,8
3961,3,29,8
3962,3,29,8
3963,3,29,8
3964,3,29,8
3965,3,29,8
3966,3,29,8
3967,3,29,8
3968,3,29,8
3969,3,29,8
3970,3,29,8
3971,3,29,8
3972,3,29,8
3973,3,29,8
3974,3,29,8
3975,3,29,8
3976,3,29,8
3977,3,29,8
3978,3,29,8
3979,3,29,8
3980,3,29,8
3981,3,29,8
3982,3,29,8
3983,3,29,8
3984,3,29,8
3985,3,29,8
3986,3,29,8
3987,3,29,8
3988,3,29,8
3989,3,29,8
3990,3,29,8
3991,3,29,8
3992,3,29,8
3993,3,29,8
3994,3,29,8
3995,3,29,8
3996,3,29,8
3997,3,29,8
3998,3,29,8
3999,3,29,8
4000,3,29,8
4001,3,29,8
4002,3,29,8
4003,3,29,8
4004,3,29,8
4005,3,29,8
4006,3,29,8
4007,3,29,8
4008,3,29,8
4009,3,29,8
4010,3,29,8
4011,3,29,8
4012,3,29,8
4013,3,29,8
4014,3,29,8
4015,3,29,8
4016,3,28,9
4017,3,28,9
4018,3,28,9
4019,3,28,9
4020,3,28,9
4021,3,28,9
4022,3,28,9
4023,3,28,9
4024,3,28,9
4025,3,28,9
4026,3,28,9
4027,3,28,9
4028,3,28,9
4029,3,28,9
4030,3,28,9
4031,3,28,9
4032,3,28,9
4033,3,28,9
4034,3,28,9
4035,3,28,9
4036,3,28,9
4037,3,28,9
4038,3,28,9
4039,3,28,9
4040,3,28,9
4041,3,28,9
4042,3,28,9
4043,3,28,9
4044,3,28,9
4045,3,28,9
4046,2,29,9
4047,1,30,9
4048,1,30,9
4049,1,30,9
4050,1,30,9
4051,1,30,9
4052,1,30,9
4053,1,30,9
4054,1,30,9
4055,1,30,9
4056,1,30,9
4057,1,30,9
4058,1,30,9
4059,1,30,9
4060,1,30,9
4061,1,30,9
4062,1,30,9
4063,1,30,9
4064,1,30,9
4065,1,30,9
4066,1,30,9
4067,1,30,9
4068,1,30,9
4069,1,30,9
4070,1,30,9
4071,1,30,9
4072,1,30,9
4073,1,30,9
4074,1,30,9
4075,1,30,9
4076,1,30,9
4077,1,30,9
4078,1,30,9
4079,1,30,9
4080,1,30,9
4081,1,30,9
4082,1,30,9
4083,1,30,9
4084,1,30,9
4085,1,30,9
4086,1,30,9
4087,1,30,9
4088,1,30,9
4089,1,30,9
4090,1,30,9
4091,1,30,9
4092,1,30,9
4093,1,30,9
4094,1,30,9
4095,1,29,10
4096,1,29,10
4097,1,29,10
4098,1,29,10
4099,1,29,10
4100,1,29,10
4101,1,29,10
4102,1,29,10
4103,1,29,10
4104,1,29,10
4105,1,29,10
4106,1,29,10
4107,1,29,10
4108,1,29,10
4109,1,29,10
4110,1,29,10
4111,1,29,10
4112,1,29,10
4113,1,29,10
4114,1,29,10
4115,1,29,10
4116,1,29,10
4117,1,29,10
4118,1,29,10
4119,1,29,10
4120,1,29,10
4121,1,29,10
4122,1,29,10
4123,1,29,10
4124,1,29,10
4125,1,29,10
4126,1,29,10
4127,1,29,10
4128,1,29,10
4129,1,29,10
4130,1,29,10
4131,1,29,10
4132,1,29,10
4133,1,29,10
4134,1,29,10
4135,1,29,10
4136,1,29,10
4137,1,29,10
4138,1,29,10
4139,1,29,10
4140,1,29,10
4141,1,29,10
4142,1,29,10
4143,1,29,10
4144,1,29,10
4145,1,29,10
4146,1,29,10
4147,1,29,10
4148,1,29,10
4149,1,29,10
4150,1,29,10
4151,1,29,10
4152,1,29,10
4153,1,29,10
4154,1,29,10
4155,1,29,10
4156,1,29,10
4157,1,29,10
4158,1,29,10
4159,1,29,10
4160,1,29,10
4161,1,29,10
4162,1,29,10
4163,1,29,10
4164,1,29,10
4165,1,29,10
4166,1,29,10
4167,1,29,10
4168,1,29,10
4169,1,29,10
4170,1,29,10
4171,1,29,10
4172,1,29,10
4173,1,29,10
4174,1,29,10
4175,1,29,10
4176,1,29,10
4177,1,29,10
4178,1,29,10
4179,1,29,10
4180,1,29,10
4181,1,29,10
4182,1,29,10
4183,1,29,10
4184,1,29,10
4185,1,29,10
4186,1,29,10
4187,1,29,10
4188,1,29,10
4189,1,29,10
4190,1,29,10
4191,1,29,10
4192,1,29,10
4193,1,29,10
4194,1,29,10
4195,1,29,10
4196,1,29,10
4197,1,29,10
4198,1,29,10
4199,1,29,10
4200,1,29,10
4201,1,29,10
4202,1,29,10
4203,1,29,10
4204,1,29,10
4205,1,29,10
4206,1,29,10
4207,1,29,10
4208,1,29,10
4209,1,29,10
4210,1,29,10
4211,1,29,10
4212,1,29,10
4213,1,28,11
4214,1,28,11
4215,1,28,11
4216,1,28,11
4217,1,28,11
4218,1,28,11
4219,1,28,11
4220,1,28,11
4221,1,28,11
4222,1,28,11
4223,1,28,11
4224,1,28,11
4225,1,28,11
4226,1,28,11
4227,1,28,11
4228,1,28,11
4229,1,28,11
4230,1,28,11
4231,1,28,11
4232,1,28,11
4233,1,28,11
4234,1,28,11
4235,1,28,11
4236,1,28,11
4237,1,28,11
4238,1,28,11
4239,1,28,11
4240,1,28,11
4241,1,28,11
4242,1,28,11
4243,1,28,11
4244,1,28,11
4245,1,28,11
4246,1,28,11
4247,1,28,11
4248,1,28,11
4249,1,28,11
4250,1,28,11
4251,1,28,11
4252,1,28,11
4253,1,28,11
4254,1,28,11
4255,1,28,11
4256,1,28,11
4257,1,28,11
4258,1,28,11
4259,1,28,11
4260,1,28,11
4261,1,28,11
4262,1,28,11
4263,1,28,11
4264,1,28,11
4265,1,28,11
4266,1,28,11
4267,1,28,11
4268,1,28,11
4269,1,28,11
4270,1,28,11
4271,1,28,11
4272,1,28,11
4273,1,28,11
4274,1,28,11
4275,1,28,11
4276,1,28,11
4277,1,28,11
4278,1,28,11
4279,1,28,11
4280,1,28,11
4281,1,28,11
4282,1,28,11
4283,1,28,11
4284,1,28,11
4285,1,28,11
4286,1,28,11
4287,1,28,11
4288,1,28,11
4289,1,28,11
4290,1,28,11
4291,1,28,11
4292,1,28,11
4293,1,28,11
4294,1,28,11
4295,1,28,11
4296,1,28,11
4297,1,28,11
4298,1,28,11
4299,1,28,11
4300,1,28,11
4301,1,28,11
4302,1,28,11
4303,1,28,11
4304,1,28,11
4305,1,28,11
4306,1,28,11
4307,1,28,11
4308,1,28,11
4309,1,28,11
4310,1,28,11
4311,1,28,11
4312,1,28,11
4313,1,28,11
4314,1,28,11
4315,1,28,11
4316,1,28,11
4317,1,28,11
4318,1,28,11
4319,1,28,11
4320,1,28,11
4321,1,28,11
4322,1,28,11
4323,1,28,11
4324,1,28,11
4325,1,28,11
4326,1,28,11
4327,1,28,11
4328,1,28,11
4329,1,28,11
4330,1,28,11
4331,1,28,11
4332,1,28,11
4333,1,28,11
4334,1,28,11
4335,1,28,11
4336,1,28,11
4337,1,28,11
4338,1,28,11
4339,1,28,11
4340,1,27,12
4341,1,27,12
4342,1,27,12
4343,1,27,12
4344,1,27,12
4345,1,27,12
4346,1,27,12
4347,1,27,12
4348,1,27,12
4349,1,27,12
4350,1,27,12
4351,1,27,12
4352,1,27,12
4353,1,27,12
4354,1,27,12
4355,1,27,12
4356,1,27,12
4357,1,27,12
4358,1,27,12
4359,1,27,12
4360,1,27,12
4361,1,27,12
4362,1,27,12
4363,1,27,12
4364,1,27,12
4365,1,27,12
4366,1,27,12
4367,1,27,12
4368,1,27,12
4369,1,27,12
4370,1,27,12
4371,1,27,12
4372,1,27,12
4373,1,27,12
4374,1,27,12
4375,1,27,12
4376,1,27,12
4377,1,27,12
4378,1,27,12
4379,1,27,12
4380,1,27,12
4381,1,27,12
4382,1,27,12
4383,1,27,12
4384,1,27,12
4385,1,27,12
4386,1,27,12
4387,1,27,12
4388,1,27,12
4389,1,27,12
4390,1,27,12
4391,1,27,12
4392,1,27,12
4393,1,27,12
4394,1,27,12
4395,1,27,12
4396,1,27,12
4397,1,27,12
4398,1,27,12
4399,1,27,12
4400,1,27,12
4401,1,27,12
4402,1,27,12
4403,1,27,12
4404,1,27,12
4405,1,27,12
4406,1,27,12
4407,1,27,12
4408,1,27,12
4409,1,27,12
4410,1,27,12
4411,1,27,12
4412,1,27,12
4413,1,27,12
4414,1,27,12
4415,1,27,12
4416,1,27,12
4417,1,27,12
4418,1,27,12
4419,1,27,12
4420,1,27,12
4421,1,27,12
4422,1,27,12
4423,1,27,12
4424,1,27,12
4425,1,27,12
4426,1,27,12
4427,1,27,12
4428,1,27,12
4429,1,27,12
4430,1,27,12
4431,1,27,12
4432,1,27,12
4433,1,27,12
4434,1,27,12
4435,1,27,12
4436,1,27,12
4437,1,27,12
4438,1,27,12
4439,1,27,12
4440,1,27,12
4441,1,27,12
4442,1,27,12
4443,1,27,12
4444,1,27,12
4445,1,27,12
4446,1,27,12
4447,1,27,12
4448,1,27,12
4449,1,27,12
4450,1,27,12
4451,1,27,12
4452,1,27,12
4453,1,27,12
4454,1,27,12
4455,1,27,12
4456,1,27,12
4457,1,27,12
4458,1,27,12
4459,1,27,12
4460,1,27,12
4461,1,27,12
4462,1,27,12
4463,1,27,12
4464,1,27,12
4465,1,27,12
4466,1,27,12
4467,1,27,12
4468,1,27,12
4469,1,27,12
4470,1,27,12
4471,1,27,12
4472,1,27,12
4473,1,27,12
4474,1,27,12
4475,1,27,12
4476,1,27,12
4477,1,27,12
4478,1,27,12
4479,1,27,12
4480,1,27,12
4481,1,27,12
4482,1,27,12
4483,1,27,12
4484,1,27,12
4485,1,27,12
4486,1,27,12
4487,1,27,12
4488,1,27,12
4489,1,27,12
4490,1,27,12
4491,1,27,12
4492,1,27,12
4493,1,27,12
4494,1,27,12
4495,1,27,12
4496,1,27,12
4497,1,27,12
4498,1,27,12
4499,1,27,12
4500,1,27,12
4501,1,27,12
4502,1,27,12
4503,1,27,12
4504,1,27,12
4505,1,27,12
4506,1,27,12
4507,1,27,12
4508,1,27,12
4509,1,27,12
4510,1,27,12
4511,1,27,12
4512,1,27,12
4513,1,27,12
4514,1,27,12
4515,1,27,12
4516,1,27,12
4517,1,27,12
4518,1,27,12
4519,1,27,12
4520,1,27,12
4521,1,27,12
4522,1,27,12
4523,1,27,12
4524,1,27,12
4525,1,27,12
4526,1,27,12
4527,1,27,12
4528,1,27,12
4529,1,27,12
4530,1,27,12
4531,1,27,12
4532,1,27,12
4533,1,27,12
4534,1,27,12
4535,1,27,12
4536,1,27,12
4537,1,27,12
4538,1,27,12
4539,1,27,12
4540,1,27,12
4541,1,27,12
4542,1,27,12
4543,1,27,12
4544,1,27,12
4545,1,27,12
4546,1,27,12
4547,1,27,12
4548,1,27,12
4549,1,27,12
4550,1,27,12
4551,1,27,12
4552,1,27,12
4553,1,27,12
4554,1,27,12
4555,1,27,12
4556,1,27,12
4557,1,27,12
4558,1,27,12
4559,1,27,12
4560,1,27,12
4561,1,27,12
4562,1,27,12
4563,1,27,12
4564,1,27,12
4565,1,27,12
4566,1,27,12
4567,1,27,12
4568,1,27,12
4569,1,27,12
4570,1,27,12
4571,1,27,12
4572,1,27,12
4573,1,27,12
4574,1,27,12
4575,1,27,12
4576,1,27,12
4577,1,27,12
4578,1,27,12
4579,1,27,12
4580,1,27,12
4581,1,27,12
4582,1,27,12
4583,1,27,12
4584,1,27,12
4585,1,27,12
4586,1,27,12
4587,1,27,12
4588,1,27,12
4589,1,27,12
4590,1,27,12
4591,1,27,12
4592,1,27,12
4593,1,27,12
4594,1,27,12
4595,1,27,12
4596,1,27,12
4597,1,26,13
4598,1,26,13
4599,1,26,13
4600,1,26,13
4601,1,26,13
4602,1,26,13
4603,1,26,13
4604,1,26,13
4605,1,26,13
4606,1,26,13
4607,1,26,13
4608,1,26,13
4609,1,26,13
4610,1,26,13
4611,1,26,13
4612,1,26,13
4613,1,26,13
4614,1,26,13
4615,1,26,13
4616,1,26,13
4617,1,26,13
4618,1,26,13
4619,1,26,13
4620,1,26,13
4621,1,26,13
4622,1,26,13
4623,1,26,13
4624,1,26,13
4625,1,26,13
4626,1,26,13
4627,1,26,13
4628,1,26,13
4629,1,26,13
4630,1,26,13
4631,1,26,13
4632,1,26,13
4633,1,26,13
4634,1,26,13
4635,1,26,13
4636,1,26,13
4637,1,26,13
4638,1,26,13
4639,1,26,13
4640,1,26,13
4641,1,26,13
4642,1,26,13
4643,1,26,13
4644,1,26,13
4645,1,26,13
4646,1,26,13
4647,1,26,13
4648,1,26,13
4649,1,26,13
4650,1,26,13
4651,1,26,13
4652,1,26,13
4653,1,26,13
4654,1,26,13
4655,1,26,13
4656,1,26,13
4657,1,26,13
4658,1,26,13
4659,1,26,13
4660,1,26,13
4661,1,26,13
4662,1,26,13
4663,1,26,13
4664,1,26,13
4665,1,26,13
4666,1,26,13
4667,1,26,13
4668,1,26,13
4669,1,26,13
4670,1,26,13
4671,1,26,13
4672,1,26,13
4673,1,26,13
4674,1,26,13
4675,1,26,13
4676,1,26,13
4677,1,26,13
4678,1,26,13
4679,1,26,13
4680,1,26,13
4681,1,26,13
4682,1,26,13
4683,1,26,13
4684,1,26,13
4685,1,26,13
4686,1,26,13
4687,1,26,13
4688,1,26,13
4689,1,26,13
4690,1,26,13
4691,1,26,13
4692,1,26,13
4693,1,26,13
4694,1,26,13
4695,1,26,13
4696,1,26,13
4697,1,26,13
4698,1,26,13
4699,1,26,13
4700,1,26,13
4701,1,26,13
4702,1,26,13
4703,1,26,13
4704,1,26,13
4705,1,26,13
4706,1,26,13
4707,1,26,13
4708,1,26,13
4709,1,26,13
4710,1,26,13
4711,1,26,13
4712,1,26,13
4713,1,26,13
4714,1,26,13
4715,1,26,13
4716,1,26,13
4717,1,26,13
4718,1,26,13
4719,1,26,13
4720,1,26,13
4721,1,26,13
4722,1,26,13
4723,1,26,13
4724,1,26,13
4725,1,26,13
4726,1,26,13
4727,1,26,13
4728,1,26,13
4729,1,26,13
4730,1,26,13
4731,1,26,13
4732,1,26,13
4733,1,26,13
4734,1,26,13
4735,1,26,13
4736,1,26,13
4737,1,26,13
4738,1,26,13
4739,1,26,13
4740,1,26,13
4741,1,26,13
4742,1,26,13
4743,1,26,13
4744,1,26,13
4745,1,26,13
4746,1,26,13
4747,1,26,13
4748,1,26,13
4749,1,26,13
4750,1,26,13
4751,1,26,13
4752,1,26,13
4753,1,26,13
4754,1,26,13
4755,1,26,13
4756,1,26,13
4757,1,26,13
4758,1,26,13
4759,1,26,13
4760,1,26,13
4761,1,26,13
4762,1,26,13
4763,1,26,13
4764,1,26,13
4765,1,26,13
4766,1,26,13
4767,1,26,13
4768,1,26,13
4769,1,26,13
4770,1,26,13
4771,1,26,13
4772,1,26,13
4773,1,26,13
4774,1,26,13
4775,1,26,13
4776,1,26,13
4777,1,26,13
4778,1,26,13
4779,1,26,13
4780,1,26,13
4781,1,26,13
4782,1,26,13
4783,1,26,13
4784,1,26,13
4785,1,26,13
4786,1,26,13
4787,1,26,13
4788,1,26,13
4789,1,25,14
4790,1,25,14
4791,1,25,14
4792,1,25,14
4793,1,25,14
4794,1,25,14
4795,1,25,14
4796,1,25,14
4797,1,25,14
4798,1,25,14
4799,1,25,14
4800,1,25,14
4801,1,25,14
4802,1,25,14
4803,1,25,14
4804,1,25,14
4805,1,25,14
4806,1,25,14
4807,1,25,14
4808,1,25,14
4809,1,25,14
4810,1,25,14
4811,1,25,14
4812,1,25,14
4813,1,25,14
4814,1,25,14
4815,1,25,14
4816,1,25,14
4817,1,25,14
4818,1,25,14
4819,1,25,14
4820,1,25,14
4821,1,25,14
4822,1,25,14
4823,1,25,14
4824,1,25,14
4825,1,25,14
4826,1,25,14
4827,1,25,14
4828,1,25,14
4829,1,25,14
4830,1,25,14
4831,1,25,14
4832,1,25,14
4833,1,25,14
4834,1,25,14
4835,1,25,14
4836,1,25,14
4837,1,25,14
4838,1,24,15
4839,1,24,15
4840,1,24,15
4841,1,24,15
4842,1,24,15
4843,1,24,15
4844,1,24,15
4845,1,24,15
4846,1,24,15
4847,1,24,15
4848,1,24,15
4849,1,24,15
4850,1,24,15
4851,1,24,15
4852,1,24,15
4853,1,24,15
4854,1,24,15
4855,1,24,15
4856,1,24,15
4857,1,24,15
4858,1,24,15
4859,1,24,15
4860,1,24,15
4861,1,24,15
4862,1,24,15
4863,1,24,15
4864,1,24,15
4865,1,24,15
4866,1,24,15
4867,1,24,15
4868,1,24,15
4869,1,24,15
4870,1,24,15
4871,1,24,15
4872,1,24,15
4873,1,24,15
4874,1,24,15
4875,1,24,15
4876,1,24,15
4877,1,24,15
4878,1,24,15
4879,1,24,15
4880,1,24,15
4881,1,24,15
4882,1,24,15
4883,1,24,15
4884,1,24,15
4885,1,24,15
4886,1,24,15
4887,1,24,15
4888,1,24,15
4889,1,24,15
4890,1,24,15
4891,1,24,15
4892,1,24,15
4893,1,24,15
4894,1,24,15
4895,1,24,15
4896,1,24,15
4897,1,24,15
4898,1,24,15
4899,1,24,15
4900,1,24,15
4901,1,24,15
4902,1,24,15
4903,1,24,15
4904,1,24,15
4905,1,24,15
4906,1,24,15
4907,1,24,15
4908,1,24,15
4909,1,24,15
4910,1,24,15
4911,1,24,15
4912,1,24,15
4913,1,24,15
4914,1,24,15
4915,1,24,15
4916,1,24,15
4917,1,24,15
4918,1,24,15
4919,1,24,15
4920,1,24,15
4921,1,24,15
4922,1,24,15
4923,1,24,15
4924,1,24,15
4925,1,24,15
4926,1,24,15
4927,1,24,15
4928,1,24,15
4929,1,23,16
4930,1,23,16
4931,1,23,16
4932,1,23,16
4933,1,23,16
4934,1,23,16
4935,1,23,16
4936,1,23,16
4937,1,23,16
4938,1,23,16
4939,1,23,16
4940,1,23,16
4941,1,23,16
4942,1,23,16
4943,1,23,16
4944,1,23,16
4945,1,23,16
4946,1,23,16
4947,1,23,16
4948,1,23,16
4949,1,23,16
4950,1,23,16
4951,1,23,16
4952,1,23,16
4953,1,23,16
4954,1,23,16
4955,1,23,16
4956,1,23,16
4957,1,23,16
4958,1,23,16
4959,1,23,16
4960,1,23,16
4961,1,23,16
4962,1,22,17
4963,1,22,17
4964,1,22,17
4965,1,22,17
4966,1,22,17
4967,1,22,17
4968,1,22,17
4969,1,22,17
4970,1,22,17
4971,1,22,17
4972,1,22,17
4973,1,22,17
4974,1,22,17
4975,1,22,17
4976,1,22,17
4977,1,22,17
4978,1,22,17
4979,1,22,17
4980,1,22,17
4981,1,22,17
4982,1,22,17
4983,1,22,17
4984,1,22,17
4985,1,22,17
4986,1,22,17
4987,1,22,17
4988,1,22,17
4989,1,22,17
4990,1,22,17
4991,1,22,17
4992,1,22,17
4993,1,22,17
4994,1,22,17
4995,1,21,18
4996,1,21,18
4997,1,21,18
4998,1,21,18
4999,1,21,18
5000,1,21,18
5001,1,21,18
5002,1,21,18
5003,1,21,18
5004,1,21,18
5005,1,21,18
5006,1,21,18
5007,1,21,18
5008,1,21,18
5009,1,21,18
5010,1,21,18
5011,1,21,18
5012,1,21,18
5013,1,21,18
5014,1,21,18
5015,1,21,18
5016,1,21,18
5017,1,21,18
5018,1,21,18
5019,1,21,18
5020,1,21,18
5021,1,21,18
5022,1,21,18
5023,1,21,18
5024,1,21,18
5025,1,21,18
5026,1,21,18
5027,1,21,18
5028,1,21,18
5029,1,21,18
5030,1,21,18
5031,1,21,18
5032,1,21,18
5033,1,21,18
5034,1,21,18
5035,1,21,18
5036,1,21,18
5037,1,21,18
5038,1,20,19
5039,1,20,19
5040,1,20,19
5041,1,20,19
5042,1,20,19
5043,1,20,19
5044,1,20,19
5045,1,20,19
5046,1,20,19
5047,1,20,19
5048,1,20,19
5049,1,20,19
5050,1,20,19
5051,1,20,19
5052,1,20,19
5053,1,20,19
5054,1,20,19
5055,1,20,19
5056,1,20,19
5057,1,20,19
5058,1,20,19
5059,1,20,19
5060,1,20,19
5061,1,20,19
5062,1,20,19
5063,1,20,19
5064,1,20,19
5065,1,20,19
5066,1,20,19
5067,1,20,19
5068,1,20,19
5069,1,20,19
5070,1,20,19
5071,1,20,19
5072,1,20,19
5073,1,20,19
5074,1,20,19
5075,1,20,19
5076,1,20,19
5077,1,20,19
5078,1,20,19
5079,1,20,19
5080,1,20,19
5081,1,20,19
5082,1,20,19
5083,1,20,19
5084,1,20,19
5085,1,20,19
5086,1,20,19
5087,1,20,19
5088,1,20,19
5089,1,20,19
5090,1,20,19
5091,1,20,19
5092,1,20,19
5093,1,20,19
5094,1,20,19
5095,1,20,19
5096,1,20,19
5097,1,20,19
5098,1,20,19
5099,1,20,19
5100,1,20,19
5101,1,20,19
5102,1,20,19
5103,1,20,19
5104,1,20,19
5105,1,20,19
5106,1,20,19
5107,1,20,19
5108,1,20,19
5109,1,20,19
5110,1,20,19
5111,1,20,19
5112,1,20,19
5113,1,20,19
5114,1,20,19
5115,1,20,19
5116,1,20,19
5117,1,20,19
5118,1,20,19
5119,1,20,19
5120,1,20,19
5121,1,20,19
5122,1,20,19
5123,1,20,19
5124,1,19,20
5125,1,19,20
5126,1,19,20
5127,1,19,20
5128,1,19,20
5129,1,19,20
5130,1,19,20
5131,1,19,20
5132,1,19,20
5133,1,19,20
5134,1,19,20
5135,1,19,20
5136,1,19,20
5137,1,19,20
5138,1,19,20
5139,1,19,20
5140,1,19,20
5141,1,19,20
5142,1,19,20
5143,1,19,20
5144,1,19,20
5145,1,19,20
5146,1,19,20
5147,1,19,20
5148,1,19,20
5149,1,19,20
5150,1,19,20
5151,1,19,20
5152,1,19,20
5153,1,19,20
5154,1,19,20
5155,1,19,20
5156,1,19,20
5157,1,19,20
5158,1,19,20
5159,1,19,20
5160,1,19,20
5161,1,19,20
5162,1,19,20
5163,1,19,20
5164,1,19,20
5165,1,19,20
5166,1,19,20
5167,1,19,20
5168,1,19,20
5169,1,19,20
5170,1,19,20
5171,1,19,20
5172,1,19,20
5173,1,19,20
5174,1,19,20
5175,1,19,20
5176,1,19,20
5177,1,19,20
5178,1,19,20
5179,1,19,20
5180,1,19,20
5181,1,19,20
5182,1,18,21
5183,1,18,21
5184,1,18,21
5185,1,18,21
5186,1,18,21
5187,1,18,21
5188,1,17,22
5189,1,16,23
5190,1,16,23
5191,1,16,23
5192,1,16,23
5193,1,16,23
5194,1,16,23
5195,1,16,23
5196,1,16,23
5197,1,16,23
5198,1,16,23
5199,1,16,23
5200,1,16,23
5201,1,16,23
5202,1,16,23
5203,1,16,23
5204,1,16,23
5205,1,16,23
5206,1,15,24
5207,1,15,24
5208,1,15,24
5209,1,15,24
5210,1,15,24
5211,1,15,24
5212,1,15,24
5213,1,15,24
5214,1,15,24
5215,1,15,24
5216,1,15,24
5217,1,15,24
5218,1,15,24
5219,1,15,24
5220,1,15,24
5221,1,15,24
5222,1,15,24
5223,1,15,24
5224,1,15,24
5225,1,15,24
5226,1,15,24
5227,1,15,24
5228,1,15,24
5229,1,15,24
5230,1,15,24
5231,1,15,24
5232,1,15,24
5233,1,15,24
5234,1,15,24
5235,1,15,24
5236,1,15,24
5237,1,15,24
5238,1,15,24
5239,1,15,24
5240,1,15,24
5241,1,15,24
5242,1,15,24
5243,1,15,24
5244,1,15,24
5245,1,15,24
5246,1,15,24
5247,1,15,24
5248,1,15,24
5249,1,15,24
5250,1,15,24
5251,1,15,24
5252,1,15,24
5253,1,15,24
5254,1,15,24
5255,1,15,24
5256,1,15,24
5257,1,14,25
5258,1,14,25
5259,1,14,25
5260,1,14,25
5261,1,14,25
5262,1,14,25
5263,1,14,25
5264,1,14,25
5265,1,14,25
5266,1,14,25
5267,1,14,25
5268,1,14,25
5269,1,14,25
5270,1,14,25
5271,1,14,25
5272,1,14,25
5273,1,14,25
5274,1,14,25
5275,1,14,25
5276,1,14,25
5277,1,14,25
5278,1,14,25
5279,1,14,25
5280,1,14,25
5281,1,14,25
5282,1,14,25
5283,1,14,25
5284,1,14,25
5285,1,14,25
5286,1,14,25
5287,1,14,25
5288,1,14,25
5289,1,14,25
5290,1,14,25
5291,1,14,25
5292,1,14,25
5293,1,14,25
5294,1,14,25
5295,1,14,25
5296,1,14,25
5297,1,14,25
5298,1,14,25
5299,1,14,25
5300,1,13,26
5301,1,13,26
5302,1,13,26
5303,1,13,26
5304,1,13,26
5305,1,13,26
5306,1,13,26
5307,1,13,26
5308,1,13,26
5309,1,13,26
5310,1,13,26
5311,1,13,26
5312,1,13,26
5313,1,13,26
5314,1,13,26
5315,1,13,26
5316,1,13,26
5317,1,13,26
5318,1,13,26
5319,1,13,26
5320,1,13,26
5321,1,13,26
5322,1,13,26
5323,1,13,26
5324,1,13,26
5325,1,13,26
5326,1,13,26
5327,1,13,26
5328,1,12,27
5329,1,12,27
5330,1,12,27
5331,1,12,27
5332,1,12,27
5333,1,12,27
5334,1,12,27
5335,1,12,27
5336,1,12,27
5337,1,12,27
5338,1,12,27
5339,1,12,27
5340,1,12,27
5341,1,12,27
5342,1,12,27
5343,1,12,27
5344,1,12,27
5345,1,12,27
5346,1,12,27
5347,1,12,27
5348,1,12,27
5349,1,12,27
5350,1,12,27
5351,1,12,27
5352,1,12,27
5353,1,12,27
5354,1,12,27
5355,1,12,27
5356,1,12,27
5357,1,12,27
5358,1,12,27
5359,1,12,27
5360,1,12,27
5361,1,12,27
5362,1,12,27
5363,1,12,27
5364,1,12,27
5365,1,12,27
5366,1,11,28
5367,1,11,28
5368,1,10,29
5369,1,10,29
5370,1,10,29
5371,1,10,29
5372,1,10,29
5373,1,10,29
5374,1,10,29
5375,1,10,29
5376,1,10,29
5377,1,10,29
5378,1,10,29
5379,1,10,29
5380,1,10,29
5381,1,10,29
5382,1,10,29
5383,1,10,29
5384,1,10,29
5385,1,10,29
5386,1,10,29
5387,1,10,29
5388,1,10,29
5389,1,10,29
5390,1,10,29
5391,1,10,29
5392,1,10,29
5393,1,10,29
5394,1,10,29
5395,1,10,29
5396,1,10,29
5397,1,10,29
5398,1,10,29
5399,1,10,29
5400,1,10,29
5401,1,10,29
5402,1,10,29
5403,1,9,30
5404,1,9,30
5405,1,9,30
5406,1,9,30
5407,1,9,30
5408,1,9,30
5409,1,9,30
5410,1,9,30
5411,1,9,30
5412,1,9,30
5413,1,9,30
5414,1,9,30
5415,1,9,30
5416,1,9,30
5417,1,9,30
5418,1,9,30
5419,1,9,30
5420,1,9,30
5421,1,9,30
5422,1,9,30
5423,1,9,30
5424,1,9,30
5425,1,9,30
5426,1,9,30
5427,1,9,30
5428,1,9,30
5429,1,9,30
5430,1,9,30
5431,1,9,30
5432,1,9,30
5433,1,9,30
5434,1,9,30
5435,1,9,30
5436,1,9,30
5437,1,9,30
5438,1,9,30
5439,1,9,30
5440,1,9,30
5441,1,9,30
5442,1,9,30
5443,1,9,30
5444,1,9,30
5445,1,9,30
5446,1,9,30
5447,1,9,30
5448,1,9,30
5449,1,9,30
5450,1,9,30
5451,1,9,30
5452,1,9,30
5453,1,9,30
5454,1,9,30
5455,1,9,30
5456,1,9,30
5457,1,9,30
5458,1,9,30
5459,1,9,30
5460,1,9,30
5461,1,9,30
5462,1,9,30
5463,1,9,30
5464,1,9,30
5465,1,9,30
5466,1,9,30
5467,1,8,31
5468,1,7,32
5469,1,7,32
5470,1,7,32
5471,1,7,32
5472,1,7,32
5473,1,7,32
5474,1,7,32
5475,1,7,32
5476,1,7,32
5477,1,7,32
5478,1,7,32
5479,1,7,32
5480,1,7,32
5481,1,7,32
5482,1,7,32
5483,1,7,32
5484,1,7,32
5485,1,7,32
5486,1,7,32
5487,1,7,32
5488,1,7,32
5489,1,7,32
5490,1,7,32
5491,1,7,32
5492,1,7,32
5493,1,7,32
5494,1,7,32
5495,1,7,32
5496,1,7,32
5497,1,7,32
5498,1,7,32
5499,1,7,32
5500,1,7,32
5501,1,7,32
5502,1,7,32
5503,1,7,32
5504,1,7,32
5505,1,7,32
5506,1,7,32
5507,1,7,32
5508,1,7,32
5509,1,7,32
5510,1,7,32
5511,1,7,32
5512,1,7,32
5513,1,7,32
5514,1,7,32
5515,1,7,32
5516,1,7,32
5517,1,7,32
5518,1,7,32
5519,1,7,32
5520,1,7,32
5521,1,7,32
5522,1,7,32
5523,1,7,32
5524,1,7,32
5525,1,7,32
5526,1,7,32
5527,1,7,32
5528,1,7,32
5529,1,7,32
5530,1,7,32
5531,0,8,32
5532,0,8,32
5533,0,8,32
5534,0,8,32
5535,0,8,32
5536,0,8,32
5537,0,8,32
5538,0,8,32
5539,0,8,32
5540,0,8,32
5541,0,8,32
5542,0,8,32
5543,0,8,32
5544,0,8,32
5545,0,8,32
5546,0,8,32
5547,0,8,32
5548,0,8,32
5549,0,8,32
5550,0,8,32
5551,0,8,32
5552,0,8,32
5553,0,8,32
5554,0,8,32
5555,0,8,32
5556,0,8,32
5557,0,8,32
5558,0,8,32
5559,0,8,32
5560,0,8,32
5561,0,8,32
5562,0,8,32
5563,0,8,32
5564,0,8,32
5565,0,8,32
5566,0,8,32
5567,0,8,32
5568,0,8,32
5569,0,8,32
5570,0,8,32
5571,0,8,32
5572,0,8,32
5573,0,8,32
5574,0,8,32
5575,0,8,32
5576,0,8,32
5577,0,8,32
5578,0,8,32
5579,0,8,32
5580,0,8,32
5581,0,8,32
5582,0,8,32
5583,0,8,32
5584,0,8,32
5585,0,8,32
5586,0,8,32
5587,0,8,32
5588,0,8,32
5589,0,8,32
5590,0,8,32
5591,0,8,32
5592,0,8,32
5593,0,8,32
5594,0,8,32
5595,0,8,32
5596,0,8,32
5597,0,8,32
5598,0,8,32
5599,0,8,32
5600,0,8,32
5601,0,8,32
5602,0,8,32
5603,0,8,32
5604,0,8,32
5605,0,8,32
5606,0,8,32
5607,0,8,32
5608,0,7,33
5609,0,6,34
5610,0,6,34
5611,0,6,34
5612,0,6,34
5613,0,6,34
5614,0,6,34
5615,0,6,34
5616,0,6,34
5617,0,6,34
5618,0,6,34
5619,0,6,34
5620,0,6,34
5621,0,6,34
5622,0,6,34
5623,0,6,34
5624,0,6,34
5625,0,6,34
5626,0,6,34
5627,0,6,34
5628,0,6,34
5629,0,6,34
5630,0,6,34
5631,0,6,34
5632,0,6,34
5633,0,6,34
5634,0,6,34
5635,0,6,34
5636,0,6,34
5637,0,6,34
5638,0,6,34
5639,0,6,34
5640,0,6,34
5641,0,6,34
5642,0,6,34
5643,0,6,34
5644,0,6,34
5645,0,6,34
5646,0,6,34
5647,0,6,34
5648,0,6,34
5649,0,6,34
5650,0,6,34
5651,0,6,34
5652,0,6,34
5653,0,6,34
5654,0,6,34
5655,0,6,34
5656,0,6,34
5657,0,6,34
5658,0,6,34
5659,0,6,34
5660,0,6,34
5661,0,6,34
5662,0,6,34
5663,0,6,34
5664,0,6,34
5665,0,6,34
5666,0,6,34
5667,0,6,34
5668,0,6,34
5669,0,6,34
5670,0,6,34
5671,0,6,34
5672,0,6,34
5673,0,6,34
5674,0,6,34
5675,0,6,34
5676,0,6,34
5677,0,6,34
5678,0,6,34
5679,0,6,34
5680,0,6,34
5681,0,6,34
5682,0,6,34
5683,0,6,34
5684,0,6,34
5685,0,6,34
5686,0,6,34
5687,0,6,34
5688,0,6,34
5689,0,6,34
5690,0,6,34
5691,0,6,34
5692,0,6,34
5693,0,6,34
5694,0,6,34
5695,0,6,34
5696,0,6,34
5697,0,6,34
5698,0,6,34
5699,0,6,34
5700,0,6,34
5701,0,6,34
5702,0,6,34
5703,0,6,34
5704,0,6,34
5705,0,6,34
5706,0,6,34
5707,0,6,34
5708,0,6,34
5709,0,6,34
5710,0,6,34
5711,0,6,34
5712,0,6,34
5713,0,6,34
5714,0,6,34
5715,0,6,34
5716,0,6,34
5717,0,6,34
5718,0,6,34
5719,0,6,34
5720,0,6,34
5721,0,6,34
5722,0,6,34
5723,0,6,34
5724,0,6,34
5725,0,6,34
5726,0,6,34
5727,0,6,34
5728,0,6,34
5729,0,6,34
5730,0,6,34
5731,0,6,34
5732,0,6,34
5733,0,6,34
5734,0,6,34
5735,0,6,34
5736,0,6,34
5737,0,6,34
5738,0,6,34
5739,0,6,34
5740,0,6,34
5741,0,6,34
5742,0,6,34
5743,0,6,34
5744,0,6,34
5745,0,6,34
5746,0,6,34
5747,0,6,34
5748,0,6,34
5749,0,6,34
5750,0,6,34
5751,0,6,34
5752,0,6,34
5753,0,6,34
5754,0,6,34
5755,0,6,34
5756,0,6,34
5757,0,6,34
5758,0,6,34
5759,0,6,34
5760,0,6,34
5761,0,6,34
5762,0,6,34
5763,0,6,34
5764,0,6,34
5765,0,6,34
5766,0,6,34
5767,0,6,34
5768,0,6,34
5769,0,6,34
5770,0,6,34
5771,0,6,34
5772,0,6,34
5773,0,6,34
5774,0,6,34
5775,0,6,34
5776,0,6,34
5777,0,6,34
5778,0,6,34
5779,0,6,34
5780,0,6,34
5781,0,6,34
5782,0,6,34
5783,0,6,34
5784,0,6,34
5785,0,6,34
5786,0,6,34
5787,0,6,34
5788,0,6,34
5789,0,6,34
5790,0,6,34
5791,0,6,34
5792,0,6,34
5793,0,6,34
5794,0,6,34
5795,0,6,34
5796,0,6,34
5797,0,6,34
5798,0,6,34
5799,0,6,34
5800,0,6,34
5801,0,6,34
5802,0,6,34
5803,0,6,34
5804,0,6,34
5805,0,6,34
5806,0,6,34
5807,0,6,34
5808,0,6,34
5809,0,5,35
5810,0,5,35
5811,0,5,35
5812,0,5,35
5813,0,5,35
5814,0,5,35
5815,0,5,35
5816,0,5,35
5817,0,5,35
5818,0,5,35
5819,0,5,35
5820,0,5,35
5821,0,5,35
5822,0,4,36
5823,0,4,36
5824,0,4,36
5825,0,4,36
5826,0,4,36
5827,0,4,36
5828,0,4,36
5829,0,4,36
5830,0,4,36
5831,0,4,36
5832,0,4,36
5833,0,4,36
5834,0,4,36
5835,0,4,36
5836,0,4,36
5837,0,4,36
5838,0,4,36
5839,0,4,36
5840,0,4,36
5841,0,4,36
5842,0,4,36
5843,0,4,36
5844,0,4,36
5845,0,4,36
5846,0,4,36
5847,0,4,36
5848,0,4,36
5849,0,4,36
5850,0,4,36
5851,0,4,36
5852,0,4,36
5853,0,4,36
5854,0,4,36
5855,0,4,36
5856,0,4,36
5857,0,4,36
5858,0,4,36
5859,0,4,36
5860,0,4,36
5861,0,4,36
5862,0,4,36
5863,0,4,36
5864,0,4,36
5865,0,4,36
5866,0,4,36
5867,0,4,36
5868,0,4,36
5869,0,4,36
5870,0,4,36
5871,0,4,36
5872,0,4,36
5873,0,4,36
5874,0,4,36
5875,0,4,36
5876,0,4,36
5877,0,4,36
5878,0,4,36
5879,0,4,36
5880,0,4,36
5881,0,4,36
5882,0,4,36
5883,0,4,36
5884,0,4,36
5885,0,4,36
5886,0,4,36
5887,0,4,36
5888,0,4,36
5889,0,4,36
5890,0,4,36
5891,0,4,36
5892,0,4,36
5893,0,4,36
5894,0,4,36
5895,0,4,36
5896,0,4,36
5897,0,4,36
5898,0,4,36
5899,0,4,36
5900,0,4,36
5901,0,4,36
5902,0,4,36
5903,0,4,36
5904,0,4,36
5905,0,4,36
5906,0,4,36
5907,0,4,36
5908,0,4,36
5909,0,4,36
5910,0,4,36
5911,0,4,36
5912,0,4,36
5913,0,4,36
5914,0,4,36
5915,0,4,36
5916,0,4,36
5917,0,4,36
5918,0,4,36
5919,0,4,36
5920,0,4,36
5921,0,4,36
5922,0,4,36
5923,0,4,36
5924,0,4,36
5925,0,4,36
5926,0,4,36
5927,0,4,36
5928,0,4,36
5929,0,4,36
5930,0,4,36
5931,0,4,36
5932,0,4,36
5933,0,4,36
5934,0,4,36
5935,0,4,36
5936,0,4,36
5937,0,4,36
5938,0,4,36
5939,0,4,36
5940,0,4,36
5941,0,4,36
5942,0,4,36
5943,0,4,36
5944,0,4,36
5945,0,4,36
5946,0,4,36
5947,0,4,36
5948,0,4,36
5949,0,4,36
5950,0,4,36
5951,0,4,36
5952,0,4,36
5953,0,4,36
5954,0,4,36
5955,0,4,36
5956,0,4,36
5957,0,4,36
5958,0,4,36
5959,0,4,36
5960,0,4,36
5961,0,4,36
5962,0,4,36
5963,0,4,36
5964,0,4,36
5965,0,4,36
5966,0,4,36
5967,0,4,36
5968,0,4,36
5969,0,4,36
5970,0,4,36
5971,0,4,36
5972,0,3,37
5973,0,3,37
5974,0,3,37
5975,0,3,37
5976,0,3,37
5977,0,3,37
5978,0,3,37
5979,0,3,37
5980,0,3,37
5981,0,3,37
5982,0,3,37
5983,0,3,37
5984,0,3,37
5985,0,3,37
5986,0,3,37
5987,0,3,37
5988,0,3,37
5989,0,3,37
5990,0,3,37
5991,0,3,37
5992,0,3,37
5993,0,3,37
5994,0,3,37
5995,0,3,37
5996,0,3,37
5997,0,3,37
5998,0,3,37
5999,0,3,37
6000,0,3,37
6001,0,3,37
6002,0,3,37
6003,0,3,37
6004,0,3,37
6005,0,3,37
6006,0,3,37
6007,0,3,37
6008,0,3,37
6009,0,3,37
6010,0,3,37
6011,0,3,37
6012,0,3,37
6013,0,3,37
6014,0,3,37
6015,0,3,37
6016,0,3,37
6017,0,3,37
6018,0,3,37
6019,0,3,37
6020,0,3,37
6021,0,3,37
6022,0,3,37
6023,0,3,37
6024,0,3,37
6025,0,3,37
6026,0,3,37
6027,0,3,37
6028,0,3,37
6029,0,3,37
6030,0,3,37
6031,0,3,37
6032,0,3,37
6033,0,3,37
6034,0,3,37
6035,0,3,37
6036,0,3,37
6037,0,3,37
6038,0,3,37
6039,0,3,37
6040,0,3,37
6041,0,3,37
6042,0,3,37
6043,0,3,37
6044,0,3,37
6045,0,3,37
6046,0,3,37
6047,0,3,37
6048,0,3,37
6049,0,3,37
6050,0,3,37
6051,0,3,37
6052,0,3,37
6053,0,3,37
6054,0,3,37
6055,0,3,37
6056,0,3,37
6057,0,3,37
6058,0,3,37
6059,0,3,37
6060,0,3,37
6061,0,3,37
6062,0,3,37
6063,0,3,37
6064,0,3,37
6065,0,3,37
6066,0,3,37
6067,0,3,37
6068,0,3,37
6069,0,3,37
6070,0,3,37
6071,0,3,37
6072,0,3,37
6073,0,3,37
6074,0,3,37
6075,0,3,37
6076,0,3,37
6077,0,3,37
6078,0,3,37
6079,0,3,37
6080,0,3,37
6081,0,3,37
6082,0,3,37
6083,0,3,37
6084,0,3,37
6085,0,3,37
6086,0,3,37
6087,0,3,37
6088,0,3,37
6089,0,3,37
6090,0,3,37
6091,0,3,37
6092,0,3,37
6093,0,3,37
6094,0,3,37
6095,0,3,37
6096,0,3,37
6097,0,3,37
6098,0,3,37
6099,0,3,37
6100,0,3,37
6101,0,3,37
6102,0,3,37
6103,0,3,37
6104,0,3,37
6105,0,3,37
6106,0,3,37
6107,0,3,37
6108,0,3,37
6109,0,3,37
6110,0,3,37
6111,0,3,37
6112,0,3,37
6113,0,3,37
6114,0,3,37
6115,0,3,37
6116,0,3,37
6117,0,3,37
6118,0,3,37
6119,0,3,37
6120,0,3,37
6121,0,3,37
6122,0,3,37
6123,0,3,37
6124,0,3,37
6125,0,3,37
6126,0,3,37
6127,0,3,37
6128,0,3,37
6129,0,3,37
6130,0,3,37
6131,0,3,37
6132,0,3,37
6133,0,3,37
6134,0,3,37
6135,0,3,37
6136,0,3,37
6137,0,3,37
6138,0,3,37
6139,0,3,37
6140,0,3,37
6141,0,3,37
6142,0,3,37
6143,0,3,37
6144,0,3,37
6145,0,3,37
6146,0,3,37
6147,0,3,37
6148,0,3,37
6149,0,3,37
6150,0,3,37
6151,0,3,37
6152,0,3,37
6153,0,3,37
6154,0,3,37
6155,0,3,37
6156,0,3,37
6157,0,3,37
6158,0,3,37
6159,0,3,37
6160,0,3,37
6161,0,3,37
6162,0,3,37
6163,0,3,37
6164,0,3,37
6165,0,3,37
6166,0,3,37
6167,0,3,37
6168,0,3,37
6169,0,3,37
6170,0,3,37
6171,0,3,37
6172,0,3,37
6173,0,3,37
6174,0,3,37
6175,0,3,37
6176,0,3,37
6177,0,3,37
6178,0,3,37
6179,0,3,37
6180,0,3,37
6181,0,3,37
6182,0,3,37
6183,0,3,37
6184,0,3,37
6185,0,3,37
6186,0,3,37
6187,0,3,37
6188,0,3,37
6189,0,3,37
6190,0,3,37
6191,0,3,37
6192,0,3,37
6193,0,3,37
6194,0,3,37
6195,0,3,37
6196,0,3,37
6197,0,3,37
6198,0,3,37
6199,0,3,37
6200,0,3,37
6201,0,3,37
6202,0,3,37
6203,0,3,37
6204,0,3,37
6205,0,3,37
6206,0,3,37
6207,0,3,37
6208,0,3,37
6209,0,3,37
6210,0,3,37
6211,0,3,37
6212,0,3,37
6213,0,3,37
6214,0,3,37
6215,0,3,37
6216,0,3,37
6217,0,3,37
6218,0,3,37
6219,0,3,37
6220,0,3,37
6221,0,3,37
6222,0,3,37
6223,0,3,37
6224,0,3,37
6225,0,3,37
6226,0,3,37
6227,0,3,37
6228,0,3,37
6229,0,3,37
6230,0,3,37
6231,0,3,37
6232,0,3,37
6233,0,3,37
6234,0,3,37
6235,0,3,37
6236,0,3,37
6237,0,3,37
6238,0,3,37
6239,0,3,37
6240,0,3,37
6241,0,3,37
6242,0,3,37
6243,0,3,37
6244,0,3,37
6245,0,3,37
6246,0,3,37
6247,0,3,37
6248,0,3,37
6249,0,3,37
6250,0,3,37
6251,0,3,37
6252,0,3,37
6253,0,3,37
6254,0,3,37
6255,0,3,37
6256,0,3,37
6257,0,3,37
6258,0,3,37
6259,0,3,37
6260,0,3,37
6261,0,3,37
6262,0,3,37
6263,0,3,37
6264,0,3,37
6265,0,3,37
6266,0,3,37
6267,0,3,37
6268,0,3,37
6269,0,3,37
6270,0,3,37
6271,0,3,37
6272,0,3,37
6273,0,3,37
6274,0,3,37
6275,0,3,37
6276,0,3,37
6277,0,3,37
6278,0,3,37
6279,0,3,37
6280,0,3,37
6281,0,3,37
6282,0,3,37
6283,0,3,37
6284,0,3,37
6285,0,3,37
6286,0,3,37
6287,0,3,37
6288,0,3,37
6289,0,3,37
6290,0,3,37
6291,0,3,37
6292,0,3,37
6293,0,3,37
6294,0,3,37
6295,0,3,37
6296,0,3,37
6297,0,3,37
6298,0,3,37
6299,0,3,37
6300,0,3,37
6301,0,3,37
6302,0,3,37
6303,0,3,37
6304,0,3,37
6305,0,3,37
6306,0,3,37
6307,0,3,37
6308,0,3,37
6309,0,3,37
6310,0,3,37
6311,0,3,37
6312,0,3,37
6313,0,3,37
6314,0,3,37
6315,0,3,37
6316,0,3,37
6317,0,3,37
6318,0,3,37
6319,0,3,37
6320,0,3,37
6321,0,3,37
6322,0,3,37
6323,0,3,37
6324,0,3,37
6325,0,3,37
6326,0,3,37
6327,0,3,37
6328,0,3,37
6329,0,3,37
6330,0,3,37
6331,0,3,37
6332,0,3,37
6333,0,3,37
6334,0,3,37
6335,0,3,37
6336,0,3,37
6337,0,3,37
6338,0,3,37
6339,0,3,37
6340,0,3,37
6341,0,3,37
6342,0,3,37
6343,0,3,37
6344,0,3,37
6345,0,3,37
6346,0,3,37
6347,0,3,37
6348,0,3,37
6349,0,3,37
6350,0,3,37
6351,0,3,37
6352,0,3,37
6353,0,3,37
6354,0,3,37
6355,0,3,37
6356,0,3,37
6357,0,3,37
6358,0,3,37
6359,0,3,37
6360,0,3,37
6361,0,3,37
6362,0,3,37
6363,0,3,37
6364,0,3,37
6365,0,3,37
6366,0,3,37
6367,0,3,37
6368,0,3,37
6369,0,3,37
6370,0,3,37
6371,0,3,37
6372,0,3,37
6373,0,3,37
6374,0,3,37
6375,0,3,37
6376,0,3,37
6377,0,3,37
6378,0,3,37
6379,0,3,37
6380,0,3,37
6381,0,3,37
6382,0,3,37
6383,0,3,37
6384,0,3,37
6385,0,3,37
6386,0,3,37
6387,0,3,37
6388,0,3,37
6389,0,3,37
6390,0,3,37
6391,0,3,37
6392,0,3,37
6393,0,3,37
6394,0,3,37
6395,0,3,37
6396,0,3,37
6397,0,3,37
6398,0,3,37
6399,0,3,37
6400,0,3,37
6401,0,3,37
6402,0,3,37
6403,0,3,37
6404,0,3,37
6405,0,3,37
6406,0,3,37
6407,0,3,37
6408,0,3,37
6409,0,3,37
6410,0,3,37
6411,0,3,37
6412,0,3,37
6413,0,3,37
6414,0,3,37
6415,0,3,37
6416,0,3,37
6417,0,3,37
6418,0,3,37
6419,0,3,37
6420,0,3,37
6421,0,3,37
6422,0,3,37
6423,0,3,37
6424,0,3,37
6425,0,3,37
6426,0,3,37
6427,0,3,37
6428,0,3,37
6429,0,3,37
6430,0,3,37
6431,0,3,37
6432,0,3,37
6433,0,3,37
6434,0,3,37
6435,0,3,37
6436,0,3,37
6437,0,3,37
6438,0,3,37
6439,0,3,37
6440,0,3,37
6441,0,3,37
6442,0,3,37
6443,0,3,37
6444,0,3,37
6445,0,3,37
6446,0,2,38
6447,0,1,39
6448,0,1,39
6449,0,1,39
6450,0,1,39
6451,0,1,39
6452,0,1,39
6453,0,1,39
6454,0,1,39
6455,0,1,39
6456,0,1,39
6457,0,1,39
6458,0,1,39
6459,0,1,39
6460,0,1,39
6461,0,1,39
6462,0,1,39
6463,0,1,39
6464,0,1,39
6465,0,1,39
6466,0,1,39
6467,0,1,39
6468,0,1,39
6469,0,1,39
6470,0,1,39
6471,0,1,39
6472,0,1,39
6473,0,1,39
6474,0,1,39
6475,0,1,39
6476,0,1,39
6477,0,1,39
6478,0,1,39
6479,0,1,39
6480,0,1,39
6481,0,1,39
6482,0,1,39
6483,0,1,39
6484,0,1,39
6485,0,1,39
6486,0,1,39
6487,0,1,39
6488,0,1,39
6489,0,1,39
6490,0,1,39
6491,0,1,39
6492,0,1,39
6493,0,1,39
6494,0,1,39
6495,0,1,39
6496,0,1,39
6497,0,1,39
6498,0,1,39
6499,0,1,39
6500,0,1,39
6501,0,1,39
6502,0,1,39
6503,0,1,39
6504,0,1,39
6505,0,1,39
6506,0,1,39
6507,0,1,39
6508,0,1,39
6509,0,1,39
6510,0,1,39
6511,0,1,39
6512,0,1,39
6513,0,1,39
6514,0,1,39
6515,0,1,39
6516,0,1,39
6517,0,1,39
6518,0,1,39
6519,0,1,39
6520,0,1,39
6521,0,1,39
6522,0,1,39
6523,0,1,39
6524,0,1,39
6525,0,1,39
6526,0,1,39
6527,0,1,39
6528,0,1,39
6529,0,1,39
6530,0,1,39
6531,0,1,39
6532,0,1,39
6533,0,1,39
6534,0,1,39
6535,0,1,39
6536,0,1,39
6537,0,1,39
6538,0,1,39
6539,0,1,39
6540,0,1,39
6541,0,1,39
6542,0,1,39
6543,0,1,39
6544,0,1,39
6545,0,1,39
6546,0,1,39
6547,0,1,39
6548,0,1,39
6549,0,1,39
6550,0,1,39
6551,0,1,39
6552,0,1,39
6553,0,1,39
6554,0,1,39
6555,0,1,39
6556,0,1,39
6557,0,1,39
6558,0,1,39
6559,0,1,39
6560,0,1,39
6561,0,1,39
6562,0,1,39
6563,0,1,39
6564,0,1,39
6565,0,1,39
6566,0,1,39
6567,0,1,39
6568,0,1,39
6569,0,1,39
6570,0,1,39
6571,0,1,39
6572,0,1,39
6573,0,1,39
6574,0,1,39
6575,0,1,39
6576,0,1,39
6577,0,1,39
6578,0,1,39
6579,0,1,39
6580,0,1,39
6581,0,1,39
6582,0,1,39
6583,0,1,39
6584,0,1,39
6585,0,1,39
6586,0,1,39
6587,0,1,39
6588,0,1,39
6589,0,1,39
6590,0,1,39
6591,0,1,39
6592,0,1,39
6593,0,1,39
6594,0,1,39
6595,0,1,39
6596,0,1,39
6597,0,1,39
6598,0,1,39
6599,0,1,39
6600,0,1,39
6601,0,1,39
6602,0,1,39
6603,0,1,39
6604,0,1,39
6605,0,1,39
6606,0,1,39
6607,0,1,39
6608,0,1,39
6609,0,1,39
6610,0,1,39
6611,0,1,39
6612,0,1,39
6613,0,1,39
6614,0,1,39
6615,0,1,39
6616,0,1,39
6617,0,1,39
6618,0,1,39
6619,0,1,39
6620,0,1,39
6621,0,1,39
6622,0,1,39
6623,0,1,39
6624,0,1,39
6625,0,1,39
6626,0,1,39
6627,0,1,39
6628,0,1,39
6629,0,1,39
6630,0,1,39
6631,0,1,39
6632,0,1,39
6633,0,1,39
6634,0,1,39
6635,0,1,39
6636,0,1,39
6637,0,1,39
6638,0,1,39
6639,0,1,39
6640,0,1,39
6641,0,1,39
6642,0,1,39
6643,0,1,39
6644,0,1,39
6645,0,1,39
6646,0,1,39
6647,0,1,39
6648,0,1,39
6649,0,1,39
6650,0,1,39
6651,0,1,39
6652,0,1,39
6653,0,1,39
6654,0,1,39
6655,0,1,39
6656,0,1,39
6657,0,1,39
6658,0,1,39
6659,0,1,39
6660,0,1,39
6661,0,1,39
6662,0,1,39
6663,0,1,39
6664,0,1,39
6665,0,1,39
6666,0,1,39
6667,0,1,39
6668,0,1,39
6669,0,1,39
6670,0,1,39
6671,0,1,39
6672,0,1,39
6673,0,1,39
6674,0,1,39
6675,0,1,39
6676,0,1,39
6677,0,1,39
6678,0,1,39
6679,0,1,39
6680,0,1,39
6681,0,1,39
6682,0,1,39
6683,0,1,39
6684,0,1,39
6685,0,1,39
6686,0,1,39
6687,0,1,39
6688,0,1,39
6689,0,1,39
6690,0,1,39
6691,0,1,39
6692,0,1,39
6693,0,1,39
6694,0,1,39
6695,0,1,39
6696,0,1,39
6697,0,1,39
6698,0,1,39
6699,0,1,39
6700,0,1,39
6701,0,1,39
6702,0,1,39
6703,0,1,39
6704,0,1,39
6705,0,1,39
6706,0,1,39
6707,0,1,39
6708,0,1,39
6709,0,1,39
6710,0,1,39
6711,0,1,39
6712,0,1,39
6713,0,1,39
6714,0,1,39
6715,0,1,39
6716,0,1,39
6717,0,1,39
6718,0,1,39
6719,0,1,39
6720,0,1,39
6721,0,1,39
6722,0,1,39
6723,0,1,39
6724,0,1,39
6725,0,1,39
6726,0,1,39
6727,0,1,39
6728,0,1,39
6729,0,1,39
6730,0,1,39
6731,0,1,39
6732,0,1,39
6733,0,1,39
6734,0,1,39
6735,0,1,39
6736,0,1,39
6737,0,1,39
6738,0,1,39
6739,0,1,39
6740,0,1,39
6741,0,1,39
6742,0,1,39
6743,0,1,39
6744,0,1,39
6745,0,1,39
6746,0,1,39
6747,0,1,39
6748,0,1,39
6749,0,1,39
6750,0,1,39
6751,0,1,39
6752,0,1,39
6753,0,1,39
6754,0,1,39
6755,0,1,39
6756,0,1,39
6757,0,1,39
6758,0,1,39
6759,0,1,39
6760,0,1,39
6761,0,1,39
6762,0,1,39
6763,0,1,39
6764,0,1,39
6765,0,1,39
6766,0,1,39
6767,0,1,39
6768,0,1,39
6769,0,1,39
6770,0,1,39
6771,0,1,39
6772,0,1,39
6773,0,1,39
6774,0,1,39
6775,0,1,39
6776,0,1,39
6777,0,1,39
6778,0,1,39
6779,0,1,39
6780,0,1,39
6781,0,1,39
6782,0,1,39
6783,0,1,39
6784,0,1,39
6785,0,1,39
6786,0,1,39
6787,0,1,39
6788,0,1,39
6789,0,1,39
6790,0,1,39
6791,0,1,39
6792,0,1,39
6793,0,1,39
6794,0,1,39
6795,0,1,39
6796,0,1,39
6797,0,1,39
6798,0,1,39
6799,0,1,39
6800,0,1,39
6801,0,1,39
6802,0,1,39
6803,0,1,39
6804,0,1,39
6805,0,1,39
6806,0,1,39
6807,0,1,39
6808,0,1,39
6809,0,1,39
6810,0,1,39
6811,0,1,39
6812,0,1,39
6813,0,1,39
6814,0,1,39
6815,0,1,39
6816,0,1,39
6817,0,1,39
6818,0,1,39
6819,0,1,39
6820,0,1,39
6821,0,1,39
6822,0,1,39
6823,0,1,39
6824,0,1,39
6825,0,1,39
6826,0,1,39
6827,0,1,39
6828,0,1,39
6829,0,1,39
6830,0,1,39
6831,0,1,39
6832,0,1,39
6833,0,1,39
6834,0,1,39
6835,0,1,39
6836,0,1,39
6837,0,1,39
6838,0,1,39
6839,0,1,39
6840,0,1,39
6841,0,1,39
6842,0,1,39
6843,0,1,39
6844,0,1,39
6845,0,1,39
6846,0,1,39
6847,0,1,39
6848,0,1,39
6849,0,1,39
6850,0,1,39
6851,0,1,39
6852,0,1,39
6853,0,1,39
6854,0,1,39
6855,0,1,39
6856,0,1,39
6857,0,1,39
6858,0,1,39
6859,0,1,39
6860,0,1,39
6861,0,1,39
6862,0,1,39
6863,0,1,39
6864,0,1,39
6865,0,1,39
6866,0,1,39
6867,0,1,39
6868,0,1,39
6869,0,1,39
6870,0,1,39
6871,0,1,39
6872,0,1,39
6873,0,1,39
6874,0,1,39
6875,0,1,39
6876,0,1,39
6877,0,1,39
6878,0,1,39
6879,0,1,39
6880,0,1,39
6881,0,1,39
6882,0,1,39
6883,0,1,39
6884,0,1,39
6885,0,1,39
6886,0,1,39
6887,0,1,39
6888,0,1,39
6889,0,1,39
6890,0,1,39
6891,0,1,39
6892,0,1,39
6893,0,1,39
6894,0,1,39
6895,0,1,39
6896,0,1,39
6897,0,1,39
6898,0,1,39
6899,0,1,39
6900,0,1,39
6901,0,1,39
6902,0,1,39
6903,0,1,39
6904,0,1,39
6905,0,1,39
6906,0,1,39
6907,0,1,39
6908,0,1,39
6909,0,1,39
6910,0,1,39
6911,0,1,39
6912,0,1,39
6913,0,1,39
6914,0,1,39
6915,0,1,39
6916,0,1,39
6917,0,1,39
6918,0,1,39
6919,0,1,39
6920,0,1,39
6921,0,1,39
6922,0,1,39
6923,0,1,39
6924,0,1,39
6925,0,1,39
6926,0,1,39
6927,0,1,39
6928,0,1,39
6929,0,1,39
6930,0,1,39
6931,0,1,39
6932,0,1,39
6933,0,1,39
6934,0,1,39
6935,0,1,39
6936,0,1,39
6937,0,1,39
6938,0,1,39
6939,0,1,39
6940,0,1,39
6941,0,1,39
6942,0,1,39
6943,0,1,39
6944,0,1,39
6945,0,1,39
6946,0,1,39
6947,0,1,39
6948,0,1,39
6949,0,1,39
6950,0,1,39
6951,0,1,39
6952,0,1,39
6953,0,1,39
6954,0,1,39
6955,0,1,39
6956,0,1,39
6957,0,1,39
6958,0,1,39
6959,0,1,39
6960,0,1,39
6961,0,1,39
6962,0,1,39
6963,0,1,39
6964,0,1,39
6965,0,1,39
6966,0,1,39
6967,0,1,39
6968,0,1,39
6969,0,1,39
6970,0,1,39
6971,0,1,39
6972,0,1,39
6973,0,1,39
6974,0,1,39
6975,0,1,39
6976,0,1,39
6977,0,1,39
6978,0,1,39
6979,0,1,39
6980,0,1,39
6981,0,1,39
6982,0,1,39
6983,0,1,39
6984,0,1,39
6985,0,1,39
6986,0,1,39
6987,0,1,39
6988,0,1,39
6989,0,1,39
6990,0,1,39
6991,0,1,39
6992,0,1,39
6993,0,1,39
6994,0,1,39
6995,0,1,39
6996,0,1,39
6997,0,1,39
6998,0,1,39
6999,0,1,39
7000,0,1,39
7001,0,1,39
7002,0,1,39
7003,0,1,39
7004,0,1,39
7005,0,1,39
7006,0,1,39
7007,0,1,39
7008,0,1,39
7009,0,1,39
7010,0,1,39
7011,0,1,39
7012,0,1,39
7013,0,1,39
7014,0,1,39
7015,0,1,39
7016,0,1,39
7017,0,1,39
7018,0,1,39
7019,0,1,39
7020,0,1,39
7021,0,1,39
7022,0,1,39
7023,0,1,39
7024,0,1,39
7025,0,1,39
7026,0,1,39
7027,0,1,39
7028,0,1,39
7029,0,1,39
7030,0,1,39
7031,0,1,39
7032,0,1,39
7033,0,1,39
7034,0,1,39
7035,0,1,39
7036,0,1,39
7037,0,1,39
7038,0,1,39
7039,0,1,39
7040,0,1,39
7041,0,1,39
7042,0,1,39
7043,0,1,39
7044,0,1,39
7045,0,1,39
7046,0,1,39
7047,0,1,39
7048,0,1,39
7049,0,1,39
7050,0,1,39
7051,0,1,39
7052,0,1,39
7053,0,1,39
7054,0,1,39
7055,0,1,39
7056,0,1,39
7057,0,1,39
7058,0,1,39
7059,0,1,39
7060,0,1,39
7061,0,1,39
7062,0,1,39
7063,0,1,39
7064,0,1,39
7065,0,1,39
7066,0,1,39
7067,0,1,39
7068,0,1,39
7069,0,1,39
7070,0,1,39
7071,0,1,39
7072,0,1,39
7073,0,1,39
7074,0,1,39
7075,0,1,39
7076,0,1,39
7077,0,1,39
7078,0,1,39
7079,0,1,39
7080,0,1,39
7081,0,1,39
7082,0,1,39
7083,0,1,39
7084,0,1,39
7085,0,1,39
7086,0,1,39
7087,0,1,39
7088,0,1,39
7089,0,1,39
7090,0,1,39
7091,0,1,39
7092,0,1,39
7093,0,1,39
7094,0,1,39
7095,0,1,39
7096,0,1,39
7097,0,1,39
7098,0,1,39
7099,0,1,39
7100,0,1,39
7101,0,1,39
7102,0,1,39
7103,0,1,39
7104,0,1,39
7105,0,1,39
7106,0,1,39
7107,0,1,39
7108,0,1,39
7109,0,1,39
7110,0,1,39
7111,0,1,39
7112,0,1,39
7113,0,1,39
7114,0,1,39
7115,0,1,39
7116,0,1,39
7117,0,1,39
7118,0,1,39
7119,0,1,39
7120,0,1,39
7121,0,1,39
7122,0,1,39
7123,0,1,39
7124,0,1,39
7125,0,1,39
7126,0,1,39
7127,0,1,39
7128,0,1,39
7129,0,1,39
7130,0,1,39
7131,0,1,39
7132,0,1,39
7133,0,1,39
7134,0,1,39
7135,0,1,39
7136,0,1,39
7137,0,1,39
7138,0,1,39
7139,0,1,39
7140,0,1,39
7141,0,1,39
7142,0,1,39
7143,0,1,39
7144,0,1,39
7145,0,1,39
7146,0,1,39
7147,0,1,39
7148,0,1,39
7149,0,1,39
7150,0,1,39
7151,0,1,39
7152,0,1,39
7153,0,1,39
7154,0,1,39
7155,0,1,39
7156,0,1,39
7157,0,1,39
7158,0,1,39
7159,0,1,39
7160,0,1,39
7161,0,1,39
7162,0,1,39
7163,0,1,39
7164,0,1,39
7165,0,1,39
7166,0,1,39
7167,0,1,39
7168,0,1,39
7169,0,1,39
7170,0,1,39
7171,0,1,39
7172,0,1,39
7173,0,1,39
7174,0,1,39
7175,0,1,39
7176,0,1,39
7177,0,1,39
7178,0,1,39
7179,0,1,39
7180,0,1,39
7181,0,1,39
7182,0,1,39
7183,0,1,39
7184,0,1,39
7185,0,1,39
7186,0,1,39
7187,0,1,39
7188,0,1,39
7189,0,1,39
7190,0,1,39
7191,0,1,39
7192,0,1,39
7193,0,1,39
7194,0,1,39
7195,0,1,39
7196,0,1,39
7197,0,1,39
7198,0,1,39
7199,0,1,39
7200,0,1,39
7201,0,1,39
7202,0,1,39
7203,0,1,39
7204,0,1,39
7205,0,1,39
7206,0,1,39
7207,0,1,39
7208,0,1,39
7209,0,1,39
7210,0,1,39
7211,0,1,39
7212,0,1,39
7213,0,1,39
7214,0,1,39
7215,0,1,39
7216,0,1,39
7217,0,1,39
7218,0,1,39
7219,0,1,39
7220,0,1,39
7221,0,1,39
7222,0,1,39
7223,0,1,39
7224,0,1,39
7225,0,1,39
7226,0,1,39
7227,0,1,39
7228,0,1,39
7229,0,1,39
7230,0,1,39
7231,0,1,39
7232,0,1,39
7233,0,1,39
7234,0,1,39
7235,0,1,39
7236,0,1,39
7237,0,1,39
7238,0,1,39
7239,0,1,39
7240,0,1,39
7241,0,1,39
7242,0,1,39
7243,0,1,39
7244,0,1,39
7245,0,1,39
7246,0,1,39
7247,0,1,39
7248,0,1,39
7249,0,1,39
7250,0,1,39
7251,0,1,39
7252,0,1,39
7253,0,1,39
7254,0,1,39
7255,0,1,39
7256,0,1,39
7257,0,1,39
7258,0,1,39
7259,0,1,39
7260,0,1,39
7261,0,1,39
7262,0,1,39
7263,0,1,39
7264,0,1,39
7265,0,1,39
7266,0,1,39
7267,0,1,39
7268,0,1,39
7269,0,1,39
7270,0,1,39
7271,0,1,39
7272,0,1,39
7273,0,1,39
7274,0,1,39
7275,0,1,39
7276,0,1,39
7277,0,1,39
7278,0,1,39
7279,0,1,39
7280,0,1,39
7281,0,1,39
7282,0,1,39
7283,0,1,39
7284,0,1,39
7285,0,1,39
7286,0,1,39
7287,0,1,39
7288,0,1,39
7289,0,1,39
7290,0,1,39
7291,0,1,39
7292,0,1,39
7293,0,1,39
7294,0,1,39
7295,0,1,39
7296,0,1,39
7297,0,1,39
7298,0,1,39
7299,0,1,39
7300,0,1,39
7301,0,1,39
7302,0,1,39
7303,0,1,39
7304,0,1,39
7305,0,1,39
7306,0,1,39
7307,0,1,39
7308,0,1,39
7309,0,1,39
7310,0,1,39
7311,0,1,39
7312,0,1,39
7313,0,1,39
7314,0,1,39
7315,0,1,39
7316,0,1,39
7317,0,1,39
7318,0,1,39
7319,0,1,39
7320,0,1,39
7321,0,1,39
7322,0,1,39
7323,0,1,39
7324,0,1,39
7325,0,1,39
7326,0,1,39
7327,0,1,39
7328,0,1,39
7329,0,1,39
7330,0,1,39
7331,0,1,39
7332,0,1,39
7333,0,1,39
7334,0,1,39
7335,0,1,39
7336,0,1,39
7337,0,1,39
7338,0,1,39
7339,0,1,39
7340,0,1,39
7341,0,1,39
7342,0,1,39
7343,0,1,39
7344,0,1,39
7345,0,1,39
7346,0,1,39
7347,0,1,39
7348,0,1,39
7349,0,1,39
7350,0,1,39
7351,0,1,39
7352,0,1,39
7353,0,1,39
7354,0,1,39
7355,0,1,39
7356,0,1,39
7357,0,1,39
7358,0,1,39
7359,0,1,39
7360,0,1,39
7361,0,1,39
7362,0,1,39
7363,0,1,39
7364,0,1,39
7365,0,1,39
7366,0,1,39
7367,0,1,39
7368,0,1,39
7369,0,1,39
7370,0,1,39
7371,0,1,39
7372,0,1,39
7373,0,1,39
7374,0,1,39
7375,0,1,39
7376,0,1,39
7377,0,1,39
7378,0,1,39
7379,0,1,39
7380,0,1,39
7381,0,1,39
7382,0,1,39
7383,0,1,39
7384,0,1,39
7385,0,1,39
7386,0,1,39
7387,0,1,39
7388,0,1,39
7389,0,1,39
7390,0,1,39
7391,0,1,39
7392,0,1,39
7393,0,1,39
7394,0,1,39
7395,0,1,39
7396,0,1,39
7397,0,1,39
7398,0,1,39
7399,0,1,39
7400,0,1,39
7401,0,1,39
7402,0,1,39
7403,0,1,39
7404,0,1,39
7405,0,1,39
7406,0,1,39
7407,0,1,39
7408,0,1,39
7409,0,1,39
7410,0,1,39
7411,0,1,39
7412,0,1,39
7413,0,1,39
7414,0,1,39
7415,0,1,39
7416,0,1,39
7417,0,1,39
7418,0,1,39
7419,0,1,39
7420,0,1,39
7421,0,1,39
7422,0,1,39
7423,0,1,39
7424,0,1,39
7425,0,1,39
7426,0,1,39
7427,0,1,39
7428,0,1,39
7429,0,1,39
7430,0,1,39
7431,0,1,39
7432,0,1,39
7433,0,1,39
7434,0,1,39
7435,0,1,39
7436,0,1,39
7437,0,1,39
7438,0,1,39
7439,0,1,39
7440,0,1,39
7441,0,1,39
7442,0,1,39
7443,0,1,39
7444,0,1,39
7445,0,1,39
7446,0,1,39
7447,0,1,39
7448,0,1,39
7449,0,1,39
7450,0,1,39
7451,0,1,39
7452,0,1,39
7453,0,1,39
7454,0,1,39
7455,0,1,39
7456,0,1,39
7457,0,1,39
7458,0,1,39
7459,0,1,39
7460,0,1,39
7461,0,1,39
7462,0,1,39
7463,0,1,39
7464,0,1,39
7465,0,1,39
7466,0,1,39
7467,0,1,39
7468,0,1,39
7469,0,1,39
7470,0,1,39
7471,0,1,39
7472,0,1,39
7473,0,1,39
7474,0,1,39
7475,0,1,39
7476,0,1,39
7477,0,1,39
7478,0,1,39
7479,0,1,39
7480,0,1,39
7481,0,1,39
7482,0,1,39
7483,0,1,39
7484,0,1,39
7485,0,1,39
7486,0,1,39
7487,0,1,39
7488,0,1,39
7489,0,1,39
7490,0,1,39
7491,0,1,39
7492,0,1,39
7493,0,1,39
7494,0,1,39
7495,0,1,39
7496,0,1,39
7497,0,1,39
7498,0,1,39
7499,0,1,39
7500,0,1,39
7501,0,1,39
7502,0,1,39
7503,0,1,39
7504,0,1,39
7505,0,1,39
7506,0,1,39
7507,0,1,39
7508,0,1,39
7509,0,1,39
7510,0,1,39
7511,0,1,39
7512,0,1,39
7513,0,1,39
7514,0,1,39
7515,0,1,39
7516,0,1,39
7517,0,1,39
7518,0,1,39
7519,0,1,39
7520,0,1,39
7521,0,1,39
7522,0,1,39
7523,0,1,39
7524,0,1,39
7525,0,1,39
7526,0,1,39
7527,0,1,39
7528,0,1,39
7529,0,1,39
7530,0,1,39
7531,0,1,39
7532,0,1,39
7533,0,1,39
7534,0,1,39
7535,0,1,39
7536,0,1,39
7537,0,1,39
7538,0,1,39
7539,0,1,39
7540,0,1,39
7541,0,1,39
7542,0,1,39
7543,0,1,39
7544,0,1,39
7545,0,1,39
7546,0,1,39
7547,0,1,39
7548,0,1,39
7549,0,1,39
7550,0,1,39
7551,0,1,39
7552,0,1,39
7553,0,1,39
7554,0,1,39
7555,0,1,39
7556,0,1,39
7557,0,1,39
7558,0,1,39
7559,0,1,39
7560,0,1,39
7561,0,1,39
7562,0,1,39
7563,0,1,39
7564,0,1,39
7565,0,1,39
7566,0,1,39
7567,0,1,39
7568,0,1,39
7569,0,1,39
7570,0,1,39
7571,0,1,39
7572,0,1,39
7573,0,1,39
7574,0,1,39
7575,0,1,39
7576,0,1,39
7577,0,1,39
7578,0,1,39
7579,0,1,39
7580,0,1,39
7581,0,1,39
7582,0,1,39
7583,0,1,39
7584,0,1,39
7585,0,1,39
7586,0,1,39
7587,0,1,39
7588,0,1,39
7589,0,1,39
7590,0,1,39
7591,0,1,39
7592,0,1,39
7593,0,1,39
7594,0,1,39
7595,0,1,39
7596,0,1,39
7597,0,1,39
7598,0,1,39
7599,0,1,39
7600,0,1,39
7601,0,1,39
7602,0,1,39
7603,0,1,39
7604,0,1,39
7605,0,1,39
7606,0,1,39
7607,0,1,39
7608,0,1,39
7609,0,1,39
7610,0,1,39
7611,0,1,39
7612,0,1,39
7613,0,1,39
7614,0,1,39
7615,0,1,39
7616,0,1,39
7617,0,1,39
7618,0,1,39
7619,0,1,39
7620,0,1,39
7621,0,1,39
7622,0,1,39
7623,0,1,39
7624,0,1,39
7625,0,1,39
7626,0,1,39
7627,0,1,39
7628,0,1,39
7629,0,1,39
7630,0,1,39
7631,0,1,39
7632,0,1,39
7633,0,1,39
7634,0,1,39
7635,0,1,39
7636,0,1,39
7637,0,1,39
7638,0,1,39
7639,0,1,39
7640,0,1,39
7641,0,1,39
7642,0,1,39
7643,0,1,39
7644,0,1,39
7645,0,1,39
7646,0,1,39
7647,0,1,39
7648,0,1,39
7649,0,1,39
7650,0,1,39
7651,0,1,39
7652,0,1,39
7653,0,1,39
7654,0,1,39
7655,0,1,39
7656,0,1,39
7657,0,1,39
7658,0,1,39
7659,0,1,39
7660,0,1,39
7661,0,1,39
7662,0,1,39
7663,0,1,39
7664,0,1,39
7665,0,1,39
7666,0,1,39
7667,0,1,39
7668,0,1,39
7669,0,1,39
7670,0,1,39
7671,0,1,39
7672,0,1,39
7673,0,1,39
7674,0,1,39
7675,0,1,39
7676,0,1,39
7677,0,1,39
7678,0,1,39
7679,0,1,39
7680,0,1,39
7681,0,1,39
7682,0,1,39
7683,0,1,39
7684,0,1,39
7685,0,1,39
7686,0,1,39
7687,0,1,39
7688,0,1,39
7689,0,1,39
7690,0,1,39
7691,0,1,39
7692,0,1,39
7693,0,1,39
7694,0,1,39
7695,0,1,39
7696,0,1,39
7697,0,1,39
7698,0,1,39
7699,0,1,39
7700,0,1,39
7701,0,1,39
7702,0,1,39
7703,0,1,39
7704,0,1,39
7705,0,1,39
7706,0,1,39
7707,0,1,39
7708,0,1,39
7709,0,1,39
7710,0,1,39
7711,0,1,39
7712,0,1,39
7713,0,1,39
7714,0,1,39
7715,0,1,39
7716,0,1,39
7717,0,1,39
7718,0,1,39
7719,0,1,39
7720,0,1,39
7721,0,1,39
7722,0,1,39
7723,0,1,39
7724,0,1,39
7725,0,1,39
7726,0,1,39
7727,0,1,39
7728,0,1,39
7729,0,1,39
7730,0,1,39
7731,0,1,39
7732,0,1,39
7733,0,1,39
7734,0,1,39
7735,0,1,39
7736,0,1,39
7737,0,1,39
7738,0,1,39
7739,0,1,39
7740,0,1,39
7741,0,1,39
7742,0,1,39
7743,0,1,39
7744,0,1,39
7745,0,1,39
7746,0,1,39
7747,0,1,39
7748,0,1,39
7749,0,1,39
7750,0,1,39
7751,0,1,39
7752,0,1,39
7753,0,1,39
7754,0,1,39
7755,0,1,39
7756,0,1,39
7757,0,1,39
7758,0,1,39
7759,0,1,39
7760,0,1,39
7761,0,1,39
7762,0,1,39
7763,0,1,39
7764,0,1,39
7765,0,1,39
7766,0,1,39
7767,0,1,39
7768,0,1,39
7769,0,1,39
7770,0,1,39
7771,0,1,39
7772,0,1,39
7773,0,1,39
7774,0,1,39
7775,0,1,39
7776,0,1,39
7777,0,1,39
7778,0,1,39
7779,0,1,39
7780,0,1,39
7781,0,1,39
7782,0,1,39
7783,0,1,39
7784,0,1,39
7785,0,1,39
7786,0,1,39
7787,0,1,39
7788,0,1,39
7789,0,1,39
7790,0,1,39
7791,0,1,39
7792,0,1,39
7793,0,1,39
7794,0,1,39
7795,0,1,39
7796,0,1,39
7797,0,1,39
7798,0,1,39
7799,0,1,39
7800,0,1,39
7801,0,1,39
7802,0,1,39
7803,0,1,39
7804,0,1,39
7805,0,1,39
7806,0,1,39
7807,0,1,39
7808,0,1,39
7809,0,1,39
7810,0,1,39
7811,0,1,39
7812,0,1,39
7813,0,1,39
7814,0,1,39
7815,0,1,39
7816,0,1,39
7817,0,1,39
7818,0,1,39
7819,0,1,39
7820,0,1,39
7821,0,1,39
7822,0,1,39
7823,0,1,39
7824,0,1,39
7825,0,1,39
7826,0,1,39
7827,0,1,39
7828,0,1,39
7829,0,1,39
7830,0,1,39
7831,0,1,39
7832,0,1,39
7833,0,1,39
7834,0,1,39
7835,0,1,39
7836,0,1,39
7837,0,1,39
7838,0,1,39
7839,0,1,39
7840,0,1,39
7841,0,1,39
7842,0,1,39
7843,0,1,39
7844,0,1,39
7845,0,1,39
7846,0,1,39
7847,0,1,39
7848,0,1,39
7849,0,1,39
7850,0,1,39
7851,0,1,39
7852,0,1,39
7853,0,1,39
7854,0,1,39
7855,0,1,39
7856,0,1,39
7857,0,1,39
7858,0,1,39
7859,0,1,39
7860,0,1,39
7861,0,1,39
7862,0,1,39
7863,0,1,39
7864,0,1,39
7865,0,1,39
7866,0,1,39
7867,0,1,39
7868,0,1,39
7869,0,1,39
7870,0,1,39
7871,0,1,39
7872,0,1,39
7873,0,1,39
7874,0,1,39
7875,0,1,39
7876,0,1,39
7877,0,1,39
7878,0,1,39
7879,0,1,39
7880,0,1,39
7881,0,1,39
7882,0,1,39
7883,0,1,39
7884,0,1,39
7885,0,1,39
7886,0,1,39
7887,0,1,39
7888,0,1,39
7889,0,1,39
7890,0,1,39
7891,0,1,39
7892,0,1,39
7893,0,1,39
7894,0,1,39
7895,0,1,39
7896,0,1,39
7897,0,1,39
7898,0,1,39
7899,0,1,39
7900,0,1,39
7901,0,1,39
7902,0,1,39
7903,0,1,39
7904,0,1,39
7905,0,1,39
7906,0,1,39
7907,0,1,39
7908,0,1,39
7909,0,1,39
7910,0,1,39
7911,0,1,39
7912,0,1,39
7913,0,1,39
7914,0,1,39
7915,0,1,39
7916,0,1,39
7917,0,1,39
7918,0,1,39
7919,0,1,39
7920,0,1,39
7921,0,1,39
7922,0,1,39
7923,0,1,39
7924,0,1,39
7925,0,1,39
7926,0,1,39
7927,0,1,39
7928,0,1,39
7929,0,1,39
7930,0,1,39
7931,0,0,40
