<cur_step>,<num_susceptible>,<num_infected>,<num_recovered>
1,9,1,0
2,9,1,0
3,9,1,0
4,9,1,0
5,9,1,0
6,9,1,0
7,9,1,0
8,9,1,0
9,9,1,0
10,9,1,0
11,9,1,0
12,9,1,0
13,9,1,0
14,9,1,0
15,9,1,0
16,9,1,0
17,9,1,0
18,9,1,0
19,9,1,0
20,9,1,0
21,9,1,0
22,9,1,0
23,9,1,0
24,9,1,0
25,9,1,0
26,9,1,0
27,9,1,0
28,9,1,0
29,9,1,0
30,9,1,0
31,9,1,0
32,9,1,0
33,9,1,0
34,9,1,0
35,9,1,0
36,9,1,0
37,9,1,0
38,9,1,0
39,9,1,0
40,9,1,0
41,9,1,0
42,9,1,0
43,9,1,0
44,9,1,0
45,9,1,0
46,9,1,0
47,9,1,0
48,9,1,0
49,9,1,0
50,9,1,0
51,9,1,0
52,8,2,0
53,8,2,0
54,8,2,0
55,8,2,0
56,8,2,0
57,8,2,0
58,8,2,0
59,8,2,0
60,8,2,0
61,8,2,0
62,8,2,0
63,8,2,0
64,8,2,0
65,8,2,0
66,8,2,0
67,8,2,0
68,8,2,0
69,8,2,0
70,8,2,0
71,8,2,0
72,8,2,0
73,8,2,0
74,8,2,0
75,8,2,0
76,8,2,0
77,8,2,0
78,8,2,0
79,8,2,0
80,8,2,0
81,8,2,0
82,8,2,0
83,8,2,0
84,8,2,0
85,8,2,0
86,8,2,0
87,8,2,0
88,8,2,0
89,8,2,0
90,8,2,0
91,8,2,0
92,8,2,0
93,8,2,0
94,8,2,0
95,8,2,0
96,8,2,0
97,8,2,0
98,8,2,0
99,8,2,0
100,8,2,0
101,8,2,0
102,8,2,0
103,8,2,0
104,8,2,0
105,8,2,0
106,8,2,0
107,8,2,0
108,8,2,0
109,8,2,0
110,8,2,0
111,8,2,0
112,8,2,0
113,8,2,0
114,8,2,0
115,8,2,0
116,8,2,0
117,8,2,0
118,8,2,0
119,8,2,0
120,8,2,0
121,8,2,0
122,8,2,0
123,8,2,0
124,8,2,0
125,8,2,0
126,8,2,0
127,8,2,0
128,8,2,0
129,8,2,0
130,8,2,0
131,8,2,0
132,8,2,0
133,8,2,0
134,8,2,0
135,8,2,0
136,8,2,0
137,8,2,0
138,8,2,0
139,8,2,0
140,8,2,0
141,8,2,0
142,8,2,0
143,8,2,0
144,8,2,0
145,8,2,0
146,8,2,0
147,8,2,0
148,8,2,0
149,8,2,0
150,8,2,0
151,8,2,0
152,8,2,0
153,8,2,0
154,8,2,0
155,8,2,0
156,8,2,0
157,8,2,0
158,8,2,0
159,8,2,0
160,8,2,0
161,8,2,0
162,8,2,0
163,8,2,0
164,8,2,0
165,8,2,0
166,8,2,0
167,8,2,0
168,8,2,0
169,8,2,0
170,8,2,0
171,8,2,0
172,8,2,0
173,8,2,0
174,8,2,0
175,8,2,0
176,8,2,0
177,8,2,0
178,8,2,0
179,8,2,0
180,8,2,0
181,8,2,0
182,8,2,0
183,8,2,0
184,8,2,0
185,8,2,0
186,8,2,0
187,8,2,0
188,8,2,0
189,8,2,0
190,8,2,0
191,8,2,0
192,8,2,0
193,8,2,0
194,8,2,0
195,8,2,0
196,8,2,0
197,8,2,0
198,8,2,0
199,8,2,0
200,8,2,0
201,8,2,0
202,8,2,0
203,8,2,0
204,8,2,0
205,8,2,0
206,8,2,0
207,8,2,0
208,8,2,0
209,8,2,0
210,8,2,0
211,8,2,0
212,8,2,0
213,8,2,0
214,8,2,0
215,8,2,0
216,8,2,0
217,8,2,0
218,8,2,0
219,8,2,0
220,8,2,0
221,8,2,0
222,8,2,0
223,8,2,0
224,8,2,0
225,8,2,0
226,8,2,0
227,8,2,0
228,8,2,0
229,8,2,0
230,8,2,0
231,8,2,0
232,8,2,0
233,8,2,0
234,8,2,0
235,8,2,0
236,8,2,0
237,8,2,0
238,8,2,0
239,8,2,0
240,8,2,0
241,8,2,0
242,8,2,0
243,8,2,0
244,8,2,0
245,8,2,0
246,8,2,0
247,8,2,0
248,8,2,0
249,8,2,0
250,8,2,0
251,8,2,0
252,8,2,0
253,8,2,0
254,8,2,0
255,8,2,0
256,8,2,0
257,8,2,0
258,8,2,0
259,8,2,0
260,8,2,0
261,8,2,0
262,8,2,0
263,8,2,0
264,8,2,0
265,8,2,0
266,8,2,0
267,8,2,0
268,8,2,0
269,8,2,0
270,8,2,0
271,8,2,0
272,8,2,0
273,8,2,0
274,8,2,0
275,8,2,0
276,8,2,0
277,8,2,0
278,7,3,0
279,7,3,0
280,7,3,0
281,7,3,0
282,7,3,0
283,7,3,0
284,7,3,0
285,7,3,0
286,7,3,0
287,7,3,0
288,7,3,0
289,7,3,0
290,7,3,0
291,7,3,0
292,7,3,0
293,7,3,0
294,7,3,0
295,7,3,0
296,7,3,0
297,7,3,0
298,7,3,0
299,7,3,0
300,7,3,0
301,7,3,0
302,7,3,0
303,7,3,0
304,7,3,0
305,7,3,0
306,7,3,0
307,7,3,0
308,7,3,0
309,7,3,0
310,7,3,0
311,7,3,0
312,7,3,0
313,7,3,0
314,7,3,0
315,7,3,0
316,7,3,0
317,7,3,0
318,7,3,0
319,7,3,0
320,7,3,0
321,7,3,0
322,7,3,0
323,7,3,0
324,7,3,0
325,7,3,0
326,7,3,0
327,7,3,0
328,7,3,0
329,7,3,0
330,7,3,0
331,7,3,0
332,7,3,0
333,7,3,0
334,7,3,0
335,7,3,0
336,7,3,0
337,7,3,0
338,7,3,0
339,7,3,0
340,7,3,0
341,7,3,0
342,7,3,0
343,7,3,0
344,7,3,0
345,7,3,0
346,7,3,0
347,7,3,0
348,7,3,0
349,7,3,0
350,7,3,0
351,7,3,0
352,7,3,0
353,7,3,0
354,7,3,0
355,7,3,0
356,7,3,0
357,7,3,0
358,7,3,0
359,6,4,0
360,6,4,0
361,6,4,0
362,6,4,0
363,6,4,0
364,6,4,0
365,6,4,0
366,6,4,0
367,6,4,0
368,6,4,0
369,6,4,0
370,6,4,0
371,6,4,0
372,6,4,0
373,6,4,0
374,5,5,0
375,5,5,0
376,5,5,0
377,5,5,0
378,5,5,0
379,5,5,0
380,5,5,0
381,5,5,0
382,5,5,0
383,5,5,0
384,5,5,0
385,5,5,0
386,5,5,0
387,5,5,0
388,5,5,0
389,5,5,0
390,5,5,0
391,5,5,0
392,5,5,0
393,5,5,0
394,5,5,0
395,5,5,0
396,5,5,0
397,5,5,0
398,5,5,0
399,5,5,0
400,5,5,0
401,5,5,0
402,5,5,0
403,5,5,0
404,5,5,0
405,5,5,0
406,5,5,0
407,5,5,0
408,5,5,0
409,5,5,0
410,5,5,0
411,5,5,0
412,5,5,0
413,5,5,0
414,5,5,0
415,5,5,0
416,5,5,0
417,5,5,0
418,5,5,0
419,5,5,0
<cur_step>,<num_susceptible>,<num_infected>,<num_recovered>
1,9,1,0
2,9,1,0
3,9,1,0
4,9,1,0
5,9,1,0
6,9,1,0
7,9,1,0
8,9,1,0
9,9,1,0
10,9,1,0
11,9,1,0
12,9,1,0
13,9,1,0
14,9,1,0
15,9,1,0
16,9,1,0
17,9,1,0
18,9,1,0
19,9,1,0
20,9,1,0
21,9,1,0
22,9,1,0
23,9,1,0
24,9,1,0
25,9,1,0
26,9,1,0
27,9,1,0
28,9,1,0
29,9,1,0
30,9,1,0
31,9,1,0
32,9,1,0
33,9,1,0
34,9,1,0
35,9,1,0
36,9,1,0
37,9,1,0
38,9,1,0
39,9,1,0
40,9,1,0
41,9,1,0
42,9,1,0
43,9,1,0
44,9,1,0
45,9,1,0
46,9,1,0
47,9,1,0
48,9,1,0
49,9,1,0
50,9,1,0
51,9,1,0
52,8,2,0
53,8,2,0
54,8,2,0
55,8,2,0
56,8,2,0
57,8,2,0
58,8,2,0
59,8,2,0
60,8,2,0
61,8,2,0
62,8,2,0
63,8,2,0
64,8,2,0
65,8,2,0
66,8,2,0
67,8,2,0
68,8,2,0
69,8,2,0
70,8,2,0
71,8,2,0
72,8,2,0
73,8,2,0
74,8,2,0
75,8,2,0
76,8,2,0
77,8,2,0
78,8,2,0
79,8,2,0
80,8,2,0
81,8,2,0
82,8,2,0
83,8,2,0
84,8,2,0
85,8,2,0
86,8,2,0
87,8,2,0
88,8,2,0
89,8,2,0
90,8,2,0
91,8,2,0
92,8,2,0
93,8,2,0
94,8,2,0
95,8,2,0
96,8,2,0
97,8,2,0
98,8,2,0
99,8,2,0
100,8,2,0
101,8,2,0
102,8,2,0
103,8,2,0
104,8,2,0
105,8,2,0
106,8,2,0
107,8,2,0
108,8,2,0
109,8,2,0
110,8,2,0
111,8,2,0
112,8,2,0
113,8,2,0
114,8,2,0
115,8,2,0
116,8,2,0
117,8,2,0
118,8,2,0
119,8,2,0
120,8,2,0
121,8,2,0
122,8,2,0
123,8,2,0
124,8,2,0
125,8,2,0
126,8,2,0
127,8,2,0
128,8,2,0
129,8,2,0
130,8,2,0
131,8,2,0
132,8,2,0
133,8,2,0
134,8,2,0
135,8,2,0
136,8,2,0
137,8,2,0
138,8,2,0
139,8,2,0
140,8,2,0
141,8,2,0
142,8,2,0
143,8,2,0
144,8,2,0
145,8,2,0
146,8,2,0
147,8,2,0
148,8,2,0
149,8,2,0
150,8,2,0
151,8,2,0
152,8,2,0
153,8,2,0
154,8,2,0
155,8,2,0
156,8,2,0
157,8,2,0
158,8,2,0
159,8,2,0
160,8,2,0
161,8,2,0
162,8,2,0
163,8,2,0
164,8,2,0
165,8,2,0
166,8,2,0
167,8,2,0
168,8,2,0
169,8,2,0
170,8,2,0
171,8,2,0
172,8,2,0
173,8,2,0
174,8,2,0
175,8,2,0
176,8,2,0
177,8,2,0
178,8,2,0
179,8,2,0
180,8,2,0
181,8,2,0
182,8,2,0
183,8,2,0
184,8,2,0
185,8,2,0
186,8,2,0
187,8,2,0
188,8,2,0
189,8,2,0
190,8,2,0
191,8,2,0
192,8,2,0
193,8,2,0
194,8,2,0
195,8,2,0
196,8,2,0
197,8,2,0
198,8,2,0
199,8,2,0
200,8,2,0
201,8,2,0
202,8,2,0
203,8,2,0
204,8,2,0
205,8,2,0
206,8,2,0
207,8,2,0
208,8,2,0
209,8,2,0
210,8,2,0
211,8,2,0
212,8,2,0
213,8,2,0
214,8,2,0
215,8,2,0
216,8,2,0
217,8,2,0
218,8,2,0
219,8,2,0
220,8,2,0
221,8,2,0
222,8,2,0
223,8,2,0
224,8,2,0
225,8,2,0
226,8,2,0
227,8,2,0
228,8,2,0
229,8,2,0
230,8,2,0
231,8,2,0
232,8,2,0
233,8,2,0
234,8,2,0
235,8,2,0
236,8,2,0
237,8,2,0
238,8,2,0
239,8,2,0
240,8,2,0
241,8,2,0
242,8,2,0
243,8,2,0
244,8,2,0
245,8,2,0
246,8,2,0
247,8,2,0
248,8,2,0
249,8,2,0
250,8,2,0
251,8,2,0
252,8,2,0
253,8,2,0
254,8,2,0
255,8,2,0
256,8,2,0
257,8,2,0
258,8,2,0
259,8,2,0
260,8,2,0
261,8,2,0
262,8,2,0
263,8,2,0
264,8,2,0
265,8,2,0
266,8,2,0
267,8,2,0
268,8,2,0
269,8,2,0
270,8,2,0
271,8,2,0
272,8,2,0
273,8,2,0
274,8,2,0
275,8,2,0
276,8,2,0
277,8,2,0
278,7,3,0
279,7,3,0
280,7,3,0
281,7,3,0
282,7,3,0
283,7,3,0
284,7,3,0
285,7,3,0
286,7,3,0
287,7,3,0
288,7,3,0
289,7,3,0
290,7,3,0
291,7,3,0
292,7,3,0
293,7,3,0
294,7,3,0
295,7,3,0
296,7,3,0
297,7,3,0
298,7,3,0
299,7,3,0
300,7,3,0
301,7,3,0
302,7,3,0
303,7,3,0
304,7,3,0
305,7,3,0
306,7,3,0
307,7,3,0
308,7,3,0
309,7,3,0
310,7,3,0
311,7,3,0
312,7,3,0
313,7,3,0
314,7,3,0
315,7,3,0
316,7,3,0
317,7,3,0
318,7,3,0
319,7,3,0
320,7,3,0
321,7,3,0
322,7,3,0
323,7,3,0
324,7,3,0
325,7,3,0
326,7,3,0
327,7,3,0
328,7,3,0
329,7,3,0
330,7,3,0
331,7,3,0
332,7,3,0
333,7,3,0
334,7,3,0
335,7,3,0
336,7,3,0
337,7,3,0
338,7,3,0
339,7,3,0
340,7,3,0
341,7,3,0
342,7,3,0
343,7,3,0
344,7,3,0
345,7,3,0
346,7,3,0
347,7,3,0
348,7,3,0
349,7,3,0
350,7,3,0
351,7,3,0
352,7,3,0
353,7,3,0
354,7,3,0
355,7,3,0
356,7,3,0
357,7,3,0
358,7,3,0
359,6,4,0
360,6,4,0
361,6,4,0
362,6,4,0
363,6,4,0
364,6,4,0
365,6,4,0
366,6,4,0
367,6,4,0
368,6,4,0
369,6,4,0
370,6,4,0
371,6,4,0
372,6,4,0
373,6,4,0
374,5,5,0
375,5,5,0
376,5,5,0
377,5,5,0
378,5,5,0
379,5,5,0
380,5,5,0
381,5,5,0
382,5,5,0
383,5,5,0
384,5,5,0
385,5,5,0
386,5,5,0
387,5,5,0
388,5,5,0
389,5,5,0
390,5,5,0
391,5,5,0
392,5,5,0
393,5,5,0
394,5,5,0
395,5,5,0
396,5,5,0
397,5,5,0
398,5,5,0
399,5,5,0
400,5,5,0
401,5,5,0
402,5,5,0
403,5,5,0
404,5,5,0
405,5,5,0
406,5,5,0
407,5,5,0
408,5,5,0
409,5,5,0
410,5,5,0
411,5,5,0
412,5,5,0
413,5,5,0
414,5,5,0
415,5,5,0
416,5,5,0
417,5,5,0
418,5,5,0
419,5,5,0
420,5,5,0
421,5,5,0
422,5,5,0
423,5,5,0
424,5,5,0
425,5,5,0
426,5,5,0
427,5,5,0
428,5,5,0
429,5,5,0
430,5,5,0
431,5,5,0
432,5,5,0
433,5,5,0
434,5,5,0
435,5,5,0
436,5,5,0
437,5,5,0
438,5,5,0
439,5,5,0
440,5,5,0
441,5,5,0
442,5,5,0
443,5,5,0
444,5,5,0
445,5,5,0
446,5,5,0
447,5,5,0
448,5,5,0
449,5,5,0
450,5,5,0
451,5,5,0
452,5,5,0
453,5,5,0
454,5,5,0
455,5,5,0
456,5,5,0
457,5,5,0
458,5,5,0
459,5,5,0
460,5,5,0
461,5,5,0
462,5,5,0
463,5,5,0
464,5,5,0
465,5,5,0
466,5,5,0
467,5,5,0
468,5,5,0
469,5,5,0
470,5,5,0
471,5,5,0
472,5,5,0
473,5,5,0
474,5,5,0
475,5,5,0
476,5,5,0
477,5,5,0
478,5,5,0
479,5,5,0
480,5,5,0
481,5,5,0
482,5,5,0
483,5,5,0
484,5,5,0
485,5,5,0
486,5,5,0
487,5,5,0
488,5,5,0
489,5,5,0
490,5,5,0
491,5,5,0
492,5,5,0
493,5,5,0
494,5,5,0
495,5,5,0
496,5,5,0
497,5,5,0
498,5,5,0
499,5,5,0
500,5,5,0
501,5,5,0
502,5,5,0
503,5,5,0
504,5,5,0
505,5,5,0
506,5,5,0
507,5,5,0
508,5,5,0
509,5,5,0
510,5,5,0
511,5,5,0
512,5,5,0
513,5,5,0
514,5,5,0
515,5,5,0
516,5,5,0
517,5,5,0
518,5,5,0
519,5,5,0
520,5,5,0
521,5,5,0
522,5,5,0
523,5,5,0
524,5,5,0
525,5,5,0
526,5,5,0
527,5,5,0
528,5,5,0
529,5,5,0
530,5,5,0
531,5,5,0
532,5,5,0
533,5,5,0
534,5,5,0
535,5,5,0
536,5,5,0
537,5,5,0
538,5,5,0
539,5,5,0
540,5,5,0
541,5,5,0
542,5,5,0
543,5,5,0
544,5,5,0
545,5,5,0
546,5,5,0
547,5,5,0
548,5,5,0
549,5,5,0
550,5,5,0
551,5,5,0
552,5,5,0
553,5,5,0
554,5,5,0
555,5,5,0
556,5,5,0
557,5,5,0
558,5,5,0
559,5,5,0
560,5,5,0
561,5,5,0
562,5,5,0
563,5,5,0
564,5,5,0
565,5,5,0
566,5,5,0
567,5,5,0
568,5,5,0
569,5,5,0
570,5,5,0
571,5,5,0
572,5,5,0
573,5,5,0
574,5,5,0
575,5,5,0
576,5,5,0
577,5,5,0
578,5,5,0
579,5,5,0
580,5,5,0
581,5,5,0
582,5,5,0
583,5,5,0
584,5,5,0
585,5,5,0
586,5,5,0
587,5,5,0
588,5,5,0
589,5,5,0
590,5,5,0
591,5,5,0
592,5,5,0
593,5,5,0
594,5,5,0
595,5,5,0
596,5,5,0
597,5,5,0
598,5,5,0
599,5,5,0
600,5,5,0
601,5,5,0
602,5,5,0
603,5,5,0
604,5,5,0
605,5,5,0
606,5,5,0
607,5,5,0
608,5,5,0
609,5,5,0
610,5,5,0
611,5,5,0
612,5,5,0
613,5,5,0
614,5,5,0
615,5,5,0
616,5,5,0
617,5,5,0
618,5,5,0
619,5,5,0
620,5,5,0
621,5,5,0
622,5,5,0
623,5,5,0
624,5,5,0
625,5,5,0
626,5,5,0
627,5,5,0
628,5,5,0
629,5,5,0
630,5,5,0
631,5,5,0
632,5,5,0
633,5,5,0
634,5,5,0
635,5,5,0
636,5,5,0
637,5,5,0
638,5,5,0
639,5,5,0
640,5,5,0
641,5,5,0
642,5,5,0
643,5,5,0
644,5,5,0
645,5,5,0
646,5,5,0
647,5,5,0
648,5,5,0
649,5,5,0
650,5,5,0
651,5,5,0
652,5,5,0
653,5,5,0
654,5,5,0
655,5,5,0
656,5,5,0
657,5,5,0
658,5,5,0
659,5,5,0
660,5,5,0
661,5,5,0
662,5,5,0
663,5,5,0
664,5,5,0
665,5,5,0
666,5,5,0
667,5,5,0
668,5,5,0
669,5,5,0
670,5,5,0
671,5,5,0
672,5,5,0
673,5,5,0
674,5,5,0
675,5,5,0
676,5,5,0
677,5,5,0
678,5,5,0
679,5,5,0
680,5,5,0
681,5,5,0
682,5,5,0
683,5,5,0
684,5,5,0
685,5,5,0
686,5,5,0
687,5,5,0
688,5,5,0
689,5,5,0
690,5,5,0
691,5,5,0
692,5,5,0
693,5,5,0
694,5,5,0
695,5,5,0
696,5,5,0
697,5,5,0
698,5,5,0
699,5,5,0
700,5,5,0
701,5,5,0
702,5,5,0
703,5,5,0
704,5,5,0
705,5,5,0
706,5,5,0
707,5,5,0
708,5,5,0
709,5,5,0
710,5,5,0
711,5,5,0
712,5,5,0
713,5,5,0
714,5,5,0
715,5,5,0
716,5,5,0
717,5,5,0
718,5,5,0
719,5,5,0
720,5,5,0
721,5,5,0
722,5,5,0
723,5,5,0
724,5,5,0
725,5,5,0
726,5,5,0
727,5,5,0
728,5,5,0
729,5,5,0
730,5,5,0
731,5,5,0
732,5,5,0
733,5,5,0
734,5,5,0
735,5,5,0
736,5,5,0
737,5,5,0
738,5,5,0
739,5,5,0
740,5,5,0
741,5,5,0
742,5,5,0
743,5,5,0
744,5,5,0
745,5,5,0
746,5,5,0
747,5,5,0
748,5,5,0
749,5,5,0
750,5,5,0
751,5,5,0
752,5,5,0
753,5,5,0
754,5,5,0
755,5,5,0
756,5,5,0
757,5,5,0
758,5,5,0
759,5,5,0
760,5,5,0
761,5,5,0
762,5,5,0
763,5,5,0
764,5,5,0
765,5,5,0
766,5,5,0
767,5,5,0
768,5,5,0
769,5,5,0
770,5,5,0
771,5,5,0
772,5,5,0
773,5,5,0
774,5,5,0
775,5,5,0
776,5,5,0
777,5,5,0
778,5,5,0
779,5,5,0
780,5,5,0
781,5,5,0
782,5,5,0
783,5,5,0
784,5,5,0
785,5,5,0
786,5,5,0
787,5,5,0
788,5,5,0
789,5,5,0
790,5,5,0
791,5,5,0
792,5,5,0
793,5,5,0
794,5,5,0
795,5,5,0
796,5,5,0
797,5,5,0
798,5,5,0
799,5,5,0
800,5,5,0
801,5,5,0
802,5,5,0
803,5,5,0
804,5,5,0
805,5,5,0
806,5,5,0
807,5,5,0
808,5,5,0
809,5,5,0
810,5,5,0
811,5,5,0
812,5,5,0
813,5,5,0
814,5,5,0
815,5,5,0
816,5,5,0
817,5,5,0
818,5,5,0
819,5,5,0
820,5,5,0
821,5,5,0
822,5,5,0
823,5,5,0
824,5,5,0
825,5,5,0
826,5,5,0
827,5,5,0
828,5,5,0
829,5,5,0
830,5,5,0
831,5,5,0
832,5,5,0
833,5,5,0
834,5,5,0
835,5,5,0
836,5,5,0
837,5,5,0
838,5,5,0
839,5,5,0
840,5,5,0
841,5,5,0
842,5,5,0
843,5,5,0
844,5,5,0
845,5,5,0
846,5,5,0
847,5,5,0
848,5,5,0
849,5,5,0
850,5,5,0
851,5,5,0
852,5,5,0
853,5,5,0
854,5,5,0
855,5,5,0
856,5,5,0
857,5,5,0
858,5,5,0
859,5,5,0
860,5,5,0
861,5,5,0
862,5,5,0
863,5,5,0
864,5,5,0
865,5,5,0
866,5,5,0
867,5,5,0
868,5,5,0
869,5,5,0
870,5,5,0
871,5,5,0
872,5,5,0
873,5,5,0
874,5,5,0
875,5,5,0
876,5,5,0
877,5,5,0
878,5,5,0
879,5,5,0
880,5,5,0
881,5,5,0
882,5,5,0
883,5,5,0
884,5,5,0
885,5,5,0
886,5,5,0
887,5,5,0
888,5,5,0
889,5,5,0
890,5,5,0
891,5,5,0
892,5,5,0
893,5,5,0
894,5,5,0
895,5,5,0
896,5,5,0
897,5,5,0
898,5,5,0
899,5,5,0
900,5,5,0
901,5,5,0
902,5,5,0
903,5,5,0
904,5,5,0
905,5,5,0
906,5,5,0
907,5,5,0
908,5,5,0
909,5,5,0
910,5,5,0
911,5,5,0
912,5,5,0
913,5,5,0
914,5,5,0
915,5,5,0
916,5,5,0
917,5,5,0
918,5,5,0
919,5,5,0
920,5,5,0
921,5,5,0
922,5,5,0
923,5,5,0
924,5,5,0
925,5,5,0
926,5,5,0
927,5,5,0
928,5,5,0
929,5,5,0
930,5,5,0
931,5,5,0
932,5,5,0
933,5,5,0
934,5,5,0
935,5,5,0
936,5,5,0
937,5,5,0
938,5,5,0
939,5,5,0
940,5,5,0
941,5,5,0
942,5,5,0
943,5,5,0
944,5,5,0
945,5,5,0
946,5,5,0
947,5,5,0
948,5,5,0
949,5,5,0
950,5,5,0
951,5,5,0
952,5,5,0
953,5,5,0
954,5,5,0
955,5,5,0
956,5,5,0
957,5,5,0
958,5,5,0
959,5,5,0
960,5,5,0
961,5,5,0
962,5,5,0
963,5,5,0
964,5,5,0
965,5,5,0
966,5,5,0
967,5,5,0
968,5,5,0
969,5,5,0
970,5,5,0
971,5,5,0
972,5,5,0
973,5,5,0
974,5,5,0
975,5,5,0
976,5,5,0
977,5,5,0
978,5,5,0
979,5,5,0
980,5,5,0
981,5,5,0
982,5,5,0
983,5,5,0
984,5,5,0
985,5,5,0
986,5,5,0
987,5,5,0
988,5,5,0
989,5,5,0
990,5,5,0
991,5,5,0
992,5,5,0
993,5,5,0
994,5,5,0
995,5,5,0
996,5,5,0
997,5,5,0
998,5,5,0
999,5,5,0
1000,5,5,0
1001,5,5,0
1002,5,5,0
1003,5,5,0
1004,5,5,0
1005,5,5,0
1006,5,5,0
1007,5,5,0
1008,5,5,0
1009,5,5,0
1010,5,5,0
1011,5,5,0
1012,5,5,0
1013,5,5,0
1014,5,5,0
1015,5,5,0
1016,5,5,0
1017,5,5,0
1018,5,5,0
1019,5,5,0
1020,5,5,0
1021,5,5,0
1022,5,5,0
1023,5,5,0
1024,5,5,0
1025,5,5,0
1026,5,5,0
1027,5,5,0
1028,5,5,0
1029,5,5,0
1030,5,5,0
1031,5,5,0
1032,5,5,0
1033,5,5,0
1034,5,5,0
1035,5,5,0
1036,5,5,0
1037,5,5,0
1038,5,5,0
1039,5,5,0
1040,5,5,0
1041,5,5,0
1042,5,5,0
1043,5,5,0
1044,5,5,0
1045,5,5,0
1046,5,5,0
1047,5,5,0
1048,5,5,0
1049,5,5,0
1050,5,5,0
1051,5,5,0
1052,5,5,0
1053,5,5,0
1054,5,5,0
1055,5,5,0
1056,5,5,0
1057,5,5,0
1058,5,5,0
1059,5,5,0
1060,5,5,0
1061,5,5,0
1062,5,5,0
1063,5,5,0
1064,5,5,0
1065,5,5,0
1066,5,5,0
1067,5,5,0
1068,5,5,0
1069,5,5,0
1070,5,5,0
1071,5,5,0
1072,5,5,0
1073,5,5,0
1074,5,5,0
1075,5,5,0
1076,5,5,0
1077,5,5,0
1078,5,5,0
1079,5,5,0
1080,5,5,0
1081,5,5,0
1082,5,5,0
1083,5,5,0
1084,5,5,0
1085,5,5,0
1086,5,5,0
1087,5,5,0
1088,5,5,0
1089,5,5,0
1090,5,5,0
1091,5,5,0
1092,5,5,0
1093,5,5,0
1094,5,5,0
1095,5,5,0
1096,5,5,0
1097,5,5,0
1098,5,5,0
1099,5,5,0
1100,5,5,0
1101,5,5,0
1102,5,5,0
1103,5,5,0
1104,5,5,0
1105,5,5,0
1106,5,5,0
1107,5,5,0
1108,5,5,0
1109,5,5,0
1110,5,5,0
1111,5,5,0
1112,5,5,0
1113,5,5,0
1114,5,5,0
1115,4,6,0
1116,4,6,0
1117,4,6,0
1118,4,6,0
1119,4,6,0
1120,4,6,0
1121,4,6,0
1122,4,6,0
1123,3,7,0
1124,3,7,0
1125,3,7,0
1126,3,7,0
1127,3,7,0
1128,3,7,0
1129,3,7,0
1130,3,7,0
1131,3,7,0
1132,3,7,0
1133,3,7,0
1134,3,7,0
1135,3,7,0
1136,3,7,0
1137,3,7,0
1138,3,7,0
1139,3,7,0
1140,3,7,0
1141,3,7,0
1142,3,7,0
1143,3,7,0
1144,3,7,0
1145,3,7,0
1146,3,7,0
1147,3,7,0
1148,3,7,0
1149,3,7,0
1150,3,7,0
1151,3,7,0
1152,3,7,0
1153,3,7,0
1154,3,7,0
1155,3,7,0
1156,3,7,0
1157,3,7,0
1158,3,7,0
1159,3,7,0
1160,3,7,0
1161,3,7,0
1162,3,7,0
1163,3,7,0
1164,3,7,0
1165,3,7,0
1166,3,7,0
1167,3,7,0
1168,3,7,0
1169,3,7,0
1170,3,7,0
1171,3,7,0
1172,3,7,0
1173,3,7,0
1174,3,7,0
1175,3,7,0
1176,3,7,0
1177,3,7,0
1178,3,7,0
1179,3,7,0
1180,3,7,0
1181,3,7,0
1182,3,7,0
1183,3,7,0
1184,3,7,0
1185,3,7,0
1186,3,7,0
1187,3,7,0
1188,3,7,0
1189,3,7,0
1190,3,7,0
1191,3,7,0
1192,3,7,0
1193,3,7,0
1194,3,7,0
1195,3,7,0
1196,3,7,0
1197,3,7,0
1198,3,7,0
1199,3,7,0
1200,3,7,0
1201,3,7,0
1202,3,7,0
1203,3,7,0
1204,3,7,0
1205,3,7,0
1206,3,7,0
1207,3,7,0
1208,3,7,0
1209,3,7,0
1210,3,7,0
1211,3,7,0
1212,3,7,0
1213,3,7,0
1214,3,7,0
1215,3,7,0
1216,3,7,0
1217,3,7,0
1218,3,7,0
1219,3,7,0
1220,3,7,0
1221,3,7,0
1222,3,7,0
1223,3,7,0
1224,3,7,0
1225,3,7,0
1226,3,7,0
1227,3,7,0
1228,3,7,0
1229,3,7,0
1230,3,7,0
1231,3,7,0
1232,3,7,0
1233,3,7,0
1234,3,7,0
1235,3,7,0
1236,3,7,0
1237,3,7,0
1238,3,7,0
1239,3,7,0
1240,3,7,0
1241,3,7,0
1242,3,7,0
1243,3,7,0
1244,3,7,0
1245,3,7,0
1246,3,7,0
1247,3,7,0
1248,3,7,0
1249,3,7,0
1250,3,7,0
1251,3,7,0
1252,3,7,0
1253,3,7,0
1254,3,7,0
1255,3,7,0
1256,3,7,0
1257,3,7,0
1258,3,7,0
1259,3,7,0
1260,3,7,0
1261,3,7,0
1262,3,7,0
1263,3,7,0
1264,3,7,0
1265,3,7,0
1266,3,7,0
1267,3,7,0
1268,3,7,0
1269,3,7,0
1270,3,7,0
1271,3,7,0
1272,3,7,0
1273,3,7,0
1274,3,7,0
1275,3,7,0
1276,3,7,0
1277,3,7,0
1278,3,7,0
1279,3,7,0
1280,3,7,0
1281,3,7,0
1282,3,7,0
1283,3,7,0
1284,3,7,0
1285,3,7,0
1286,3,7,0
1287,3,7,0
1288,3,7,0
1289,3,7,0
1290,3,7,0
1291,3,7,0
1292,3,7,0
1293,3,7,0
1294,3,7,0
1295,3,7,0
1296,3,7,0
1297,3,7,0
1298,3,7,0
1299,3,7,0
1300,3,7,0
1301,3,7,0
1302,3,7,0
1303,3,7,0
1304,3,7,0
1305,3,7,0
1306,3,7,0
1307,3,7,0
1308,3,7,0
1309,3,7,0
1310,3,7,0
1311,3,7,0
1312,3,7,0
1313,3,7,0
1314,3,7,0
1315,3,7,0
1316,3,7,0
1317,3,7,0
1318,3,7,0
1319,3,7,0
1320,3,7,0
1321,3,7,0
1322,3,7,0
1323,3,7,0
1324,3,7,0
1325,3,7,0
1326,3,7,0
1327,3,7,0
1328,3,7,0
1329,3,7,0
1330,3,7,0
1331,3,7,0
1332,3,7,0
1333,3,7,0
1334,3,7,0
1335,3,7,0
1336,3,7,0
1337,3,7,0
1338,3,7,0
1339,3,7,0
1340,3,7,0
1341,3,7,0
1342,3,7,0
1343,3,7,0
1344,3,7,0
1345,3,7,0
1346,3,7,0
1347,3,7,0
1348,3,7,0
1349,3,7,0
1350,3,7,0
1351,3,7,0
1352,3,7,0
1353,3,7,0
1354,3,7,0
1355,3,7,0
1356,3,7,0
1357,3,7,0
1358,3,7,0
1359,3,7,0
1360,3,7,0
1361,3,7,0
1362,3,7,0
1363,3,7,0
1364,3,7,0
1365,3,7,0
1366,3,7,0
1367,3,7,0
1368,3,7,0
1369,3,7,0
1370,3,7,0
1371,3,7,0
1372,3,7,0
1373,3,7,0
1374,3,7,0
1375,3,7,0
1376,3,7,0
1377,3,7,0
1378,3,7,0
1379,3,7,0
1380,3,7,0
1381,3,7,0
1382,3,7,0
1383,3,7,0
1384,3,7,0
1385,3,7,0
1386,3,7,0
1387,3,7,0
1388,3,7,0
1389,3,7,0
1390,3,7,0
1391,3,7,0
1392,3,7,0
1393,3,7,0
1394,3,7,0
1395,3,7,0
1396,3,7,0
1397,3,7,0
1398,3,7,0
1399,3,7,0
1400,3,7,0
1401,3,7,0
1402,3,7,0
1403,3,7,0
1404,3,7,0
1405,3,7,0
1406,3,7,0
1407,3,7,0
1408,3,7,0
1409,3,7,0
1410,3,7,0
1411,3,7,0
1412,3,7,0
1413,3,7,0
1414,3,7,0
1415,3,7,0
1416,3,7,0
1417,3,7,0
1418,3,7,0
1419,3,7,0
1420,3,7,0
1421,3,7,0
1422,3,7,0
1423,3,7,0
1424,3,7,0
1425,3,7,0
1426,3,7,0
1427,3,7,0
1428,3,7,0
1429,3,7,0
1430,3,7,0
1431,3,7,0
1432,3,7,0
1433,3,7,0
1434,3,7,0
1435,3,7,0
1436,3,7,0
1437,3,7,0
1438,3,7,0
1439,3,7,0
1440,3,7,0
1441,3,7,0
1442,3,7,0
1443,3,7,0
1444,3,7,0
1445,3,7,0
1446,3,7,0
1447,3,7,0
1448,3,7,0
1449,3,7,0
1450,3,7,0
1451,3,7,0
1452,3,7,0
1453,3,7,0
1454,3,7,0
1455,3,7,0
1456,3,7,0
1457,3,7,0
1458,3,7,0
1459,3,7,0
1460,3,7,0
1461,3,7,0
1462,3,7,0
1463,3,7,0
1464,3,7,0
1465,3,7,0
1466,3,7,0
1467,3,7,0
1468,3,7,0
1469,3,7,0
1470,3,7,0
1471,3,7,0
1472,3,7,0
1473,3,7,0
1474,3,7,0
1475,3,7,0
1476,3,7,0
1477,3,7,0
1478,3,7,0
1479,3,7,0
1480,3,7,0
1481,3,7,0
1482,3,7,0
1483,3,7,0
1484,3,7,0
1485,3,7,0
1486,3,7,0
1487,3,7,0
1488,3,7,0
1489,3,7,0
1490,3,7,0
1491,3,7,0
1492,3,7,0
1493,3,7,0
1494,3,7,0
1495,3,7,0
1496,3,7,0
1497,3,7,0
1498,3,7,0
1499,3,7,0
1500,3,7,0
1501,3,7,0
1502,3,7,0
1503,3,7,0
1504,3,7,0
1505,3,7,0
1506,3,7,0
1507,3,7,0
1508,3,7,0
1509,3,7,0
1510,3,7,0
1511,3,7,0
1512,3,7,0
1513,3,7,0
1514,3,7,0
1515,3,7,0
1516,3,7,0
1517,3,7,0
1518,3,7,0
1519,3,7,0
1520,3,7,0
1521,3,7,0
1522,3,7,0
1523,3,7,0
1524,3,7,0
1525,3,7,0
1526,3,7,0
1527,3,7,0
1528,3,7,0
1529,3,7,0
1530,3,7,0
1531,3,7,0
1532,3,7,0
1533,3,7,0
1534,3,7,0
1535,3,7,0
1536,3,7,0
1537,3,7,0
1538,3,7,0
1539,3,7,0
1540,3,7,0
1541,3,7,0
1542,3,7,0
1543,3,7,0
1544,3,7,0
1545,3,7,0
1546,3,7,0
1547,3,7,0
1548,3,7,0
1549,3,7,0
1550,3,7,0
1551,3,7,0
1552,3,7,0
1553,3,7,0
1554,3,7,0
1555,3,7,0
1556,3,7,0
1557,3,7,0
1558,3,7,0
1559,3,7,0
1560,3,7,0
1561,3,7,0
1562,3,7,0
1563,3,7,0
1564,3,7,0
1565,3,7,0
1566,3,7,0
1567,3,7,0
1568,3,7,0
1569,3,7,0
1570,3,7,0
1571,3,7,0
1572,3,7,0
1573,3,7,0
1574,3,7,0
1575,3,7,0
1576,3,7,0
1577,3,7,0
1578,3,7,0
1579,3,7,0
1580,3,7,0
1581,3,7,0
1582,3,7,0
1583,3,7,0
1584,3,7,0
1585,3,7,0
1586,3,7,0
1587,3,7,0
1588,3,7,0
1589,3,7,0
1590,3,7,0
1591,3,7,0
1592,3,7,0
1593,3,7,0
1594,3,7,0
1595,3,7,0
1596,3,7,0
1597,3,7,0
1598,3,7,0
1599,3,7,0
1600,3,7,0
1601,3,7,0
1602,3,7,0
1603,3,7,0
1604,3,7,0
1605,3,7,0
1606,3,7,0
1607,3,7,0
1608,3,7,0
1609,3,7,0
1610,3,7,0
1611,3,7,0
1612,3,7,0
1613,3,7,0
1614,3,7,0
1615,3,7,0
1616,3,7,0
1617,3,7,0
1618,3,7,0
1619,3,7,0
1620,3,7,0
1621,3,7,0
1622,3,7,0
1623,3,7,0
1624,3,7,0
1625,3,7,0
1626,3,7,0
1627,3,7,0
1628,3,7,0
1629,3,7,0
1630,3,7,0
1631,3,7,0
1632,3,7,0
1633,3,7,0
1634,3,7,0
1635,3,7,0
1636,3,7,0
1637,3,7,0
1638,3,7,0
1639,3,7,0
1640,3,7,0
1641,3,7,0
1642,3,7,0
1643,3,7,0
1644,3,7,0
1645,2,8,0
1646,2,8,0
1647,2,8,0
1648,2,8,0
1649,2,8,0
1650,2,8,0
1651,2,8,0
1652,2,8,0
1653,2,8,0
1654,2,8,0
1655,2,8,0
1656,2,8,0
1657,2,8,0
1658,2,8,0
1659,2,8,0
1660,2,8,0
1661,2,8,0
1662,2,8,0
1663,2,8,0
1664,2,8,0
1665,2,8,0
1666,2,8,0
1667,2,8,0
1668,2,8,0
1669,2,8,0
1670,2,8,0
1671,2,8,0
1672,2,8,0
1673,2,8,0
1674,2,8,0
1675,2,8,0
1676,2,8,0
1677,2,8,0
1678,2,8,0
1679,2,8,0
1680,2,8,0
1681,2,8,0
1682,2,8,0
1683,2,8,0
1684,2,8,0
1685,2,8,0
1686,2,8,0
1687,2,8,0
1688,2,8,0
1689,2,8,0
1690,2,8,0
1691,2,8,0
1692,2,8,0
1693,2,8,0
1694,2,8,0
1695,2,8,0
1696,2,8,0
1697,2,8,0
1698,2,8,0
1699,2,8,0
1700,2,8,0
1701,2,8,0
1702,2,8,0
1703,2,8,0
1704,2,8,0
1705,2,8,0
1706,2,8,0
1707,2,8,0
1708,2,8,0
1709,2,8,0
1710,2,8,0
1711,2,8,0
1712,2,8,0
1713,2,8,0
1714,2,8,0
1715,2,8,0
1716,2,8,0
1717,2,8,0
1718,2,8,0
1719,2,8,0
1720,2,8,0
1721,2,8,0
1722,2,8,0
1723,2,8,0
1724,2,8,0
1725,2,8,0
1726,2,8,0
1727,2,8,0
1728,2,8,0
1729,2,8,0
1730,2,8,0
1731,2,8,0
1732,2,8,0
1733,2,8,0
1734,2,8,0
1735,2,8,0
1736,2,8,0
1737,2,8,0
1738,2,8,0
1739,2,8,0
1740,2,8,0
1741,2,8,0
1742,2,8,0
1743,2,8,0
1744,2,8,0
1745,2,8,0
1746,2,8,0
1747,2,8,0
1748,2,8,0
1749,2,8,0
1750,2,8,0
1751,2,8,0
1752,2,8,0
1753,2,8,0
1754,2,8,0
1755,2,8,0
1756,2,8,0
1757,2,8,0
1758,2,8,0
1759,2,8,0
1760,2,8,0
1761,2,8,0
1762,2,8,0
1763,2,8,0
1764,2,8,0
1765,2,8,0
1766,2,8,0
1767,2,8,0
1768,2,8,0
1769,2,8,0
1770,2,8,0
1771,2,8,0
1772,2,8,0
1773,2,8,0
1774,2,8,0
1775,2,8,0
1776,2,8,0
1777,2,8,0
1778,2,8,0
1779,2,8,0
1780,2,8,0
1781,2,8,0
1782,2,8,0
1783,2,8,0
1784,2,8,0
1785,2,8,0
1786,2,8,0
1787,2,8,0
1788,2,8,0
1789,2,8,0
1790,2,8,0
1791,2,8,0
1792,2,8,0
1793,2,8,0
1794,2,8,0
1795,2,8,0
1796,2,8,0
1797,2,8,0
1798,2,8,0
1799,2,8,0
1800,2,8,0
1801,2,8,0
1802,2,8,0
1803,2,8,0
1804,2,8,0
1805,2,8,0
1806,2,8,0
1807,2,8,0
1808,2,8,0
1809,2,8,0
1810,2,8,0
1811,2,8,0
1812,2,8,0
1813,2,8,0
1814,2,8,0
1815,2,8,0
1816,2,8,0
1817,2,8,0
1818,2,8,0
1819,2,8,0
1820,2,8,0
1821,2,8,0
1822,2,8,0
1823,2,8,0
1824,2,8,0
1825,2,8,0
1826,2,8,0
1827,2,8,0
1828,2,8,0
1829,2,8,0
1830,2,8,0
1831,2,8,0
1832,2,8,0
1833,2,8,0
1834,2,8,0
1835,2,8,0
1836,2,8,0
1837,2,8,0
1838,2,8,0
1839,2,8,0
1840,2,8,0
1841,2,8,0
1842,2,8,0
1843,2,8,0
1844,2,8,0
1845,2,8,0
1846,2,8,0
1847,2,8,0
1848,2,8,0
1849,2,8,0
1850,2,8,0
1851,2,8,0
1852,2,8,0
1853,2,8,0
1854,2,8,0
1855,2,8,0
1856,2,8,0
1857,2,8,0
1858,2,8,0
1859,2,8,0
1860,2,8,0
1861,2,8,0
1862,2,8,0
1863,2,8,0
1864,2,8,0
1865,2,8,0
1866,2,8,0
1867,2,8,0
1868,2,8,0
1869,2,8,0
1870,2,8,0
1871,2,8,0
1872,2,8,0
1873,2,8,0
1874,2,8,0
1875,2,8,0
1876,2,8,0
1877,2,8,0
1878,2,8,0
1879,2,8,0
1880,2,8,0
1881,2,8,0
1882,2,8,0
1883,2,8,0
1884,2,8,0
1885,2,8,0
1886,2,8,0
1887,2,8,0
1888,2,8,0
1889,2,8,0
1890,2,8,0
1891,2,8,0
1892,2,8,0
1893,2,8,0
1894,2,8,0
1895,2,8,0
1896,2,8,0
1897,2,8,0
1898,2,8,0
1899,2,8,0
1900,2,8,0
1901,2,8,0
1902,2,8,0
1903,2,8,0
1904,2,8,0
1905,2,8,0
1906,2,8,0
1907,2,8,0
1908,2,8,0
1909,2,8,0
1910,2,8,0
1911,2,8,0
1912,2,8,0
1913,2,8,0
1914,2,8,0
1915,2,8,0
1916,2,8,0
1917,2,8,0
1918,2,8,0
1919,2,8,0
1920,2,8,0
1921,2,8,0
1922,2,8,0
1923,2,8,0
1924,2,8,0
1925,2,8,0
1926,2,8,0
1927,2,8,0
1928,2,8,0
1929,2,8,0
1930,2,8,0
1931,2,8,0
1932,2,8,0
1933,2,8,0
1934,2,8,0
1935,2,8,0
1936,2,8,0
1937,2,8,0
1938,2,8,0
1939,2,8,0
1940,2,8,0
1941,2,8,0
1942,2,8,0
1943,2,8,0
1944,2,8,0
1945,2,8,0
1946,2,8,0
1947,2,8,0
1948,2,8,0
1949,2,8,0
1950,2,8,0
1951,2,8,0
1952,2,8,0
1953,2,8,0
1954,2,8,0
1955,2,8,0
1956,2,8,0
1957,2,8,0
1958,2,8,0
1959,2,8,0
1960,2,8,0
1961,2,8,0
1962,2,8,0
1963,2,8,0
1964,2,8,0
1965,1,9,0
1966,1,9,0
1967,1,9,0
1968,1,9,0
1969,1,9,0
1970,1,9,0
1971,1,9,0
1972,1,9,0
1973,1,9,0
1974,1,9,0
1975,1,9,0
1976,1,9,0
1977,1,9,0
1978,1,9,0
1979,1,9,0
1980,1,9,0
1981,1,9,0
1982,1,9,0
1983,1,9,0
1984,1,9,0
1985,1,9,0
1986,1,9,0
1987,1,9,0
1988,1,9,0
1989,1,9,0
1990,1,9,0
1991,1,9,0
1992,1,9,0
1993,1,9,0
1994,1,9,0
1995,1,9,0
1996,1,9,0
1997,1,9,0
1998,1,9,0
1999,1,9,0
2000,1,9,0
2001,1,9,0
2002,1,9,0
2003,1,9,0
2004,1,9,0
2005,1,9,0
2006,1,9,0
2007,1,9,0
2008,1,9,0
2009,1,9,0
2010,1,9,0
2011,1,9,0
2012,1,9,0
2013,1,9,0
2014,1,9,0
2015,1,9,0
2016,1,9,0
2017,1,9,0
2018,1,9,0
2019,1,9,0
2020,1,9,0
2021,1,9,0
2022,1,9,0
2023,1,9,0
2024,1,9,0
2025,1,9,0
2026,1,9,0
2027,1,9,0
2028,1,9,0
2029,1,9,0
2030,1,9,0
2031,1,9,0
2032,1,9,0
2033,1,9,0
2034,1,9,0
2035,1,9,0
2036,1,9,0
2037,1,9,0
2038,1,9,0
2039,1,9,0
2040,1,9,0
2041,1,9,0
2042,1,9,0
2043,1,9,0
2044,1,9,0
2045,1,9,0
2046,1,9,0
2047,1,9,0
2048,1,9,0
2049,1,9,0
2050,1,9,0
2051,1,9,0
2052,1,9,0
2053,1,9,0
2054,1,9,0
2055,1,9,0
2056,1,9,0
2057,1,9,0
2058,1,9,0
2059,1,9,0
2060,1,9,0
2061,1,9,0
2062,1,9,0
2063,1,9,0
2064,1,9,0
2065,1,9,0
2066,1,9,0
2067,1,9,0
2068,1,9,0
2069,1,9,0
2070,1,9,0
2071,1,9,0
2072,1,9,0
2073,1,9,0
2074,1,9,0
2075,1,9,0
2076,1,9,0
2077,1,9,0
2078,1,9,0
2079,1,9,0
2080,1,9,0
2081,1,9,0
2082,1,9,0
2083,1,9,0
2084,1,9,0
2085,1,9,0
2086,1,9,0
2087,1,9,0
2088,1,9,0
2089,1,9,0
2090,1,9,0
2091,1,9,0
2092,1,9,0
2093,1,9,0
2094,1,9,0
2095,1,9,0
2096,1,9,0
2097,1,9,0
2098,1,9,0
2099,1,9,0
2100,1,9,0
2101,1,9,0
2102,1,9,0
2103,1,9,0
2104,1,9,0
2105,1,9,0
2106,1,9,0
2107,1,9,0
2108,1,9,0
2109,1,9,0
2110,1,9,0
2111,1,9,0
2112,1,9,0
2113,1,9,0
2114,1,9,0
2115,1,9,0
2116,1,9,0
2117,1,9,0
2118,1,9,0
2119,1,9,0
2120,1,9,0
2121,1,9,0
2122,1,9,0
2123,1,9,0
2124,1,9,0
2125,1,9,0
2126,1,9,0
2127,1,9,0
2128,1,9,0
2129,1,9,0
2130,1,9,0
2131,1,9,0
2132,1,9,0
2133,1,9,0
2134,1,9,0
2135,1,9,0
2136,1,9,0
2137,1,9,0
2138,1,9,0
2139,1,9,0
2140,1,9,0
2141,1,9,0
2142,1,9,0
2143,1,9,0
2144,1,9,0
2145,1,9,0
2146,1,9,0
2147,1,9,0
2148,1,9,0
2149,1,9,0
2150,1,9,0
2151,1,9,0
2152,1,9,0
2153,1,9,0
2154,1,9,0
2155,1,9,0
2156,1,9,0
2157,1,9,0
2158,1,9,0
2159,1,9,0
2160,1,9,0
2161,1,9,0
2162,1,9,0
2163,1,9,0
2164,1,9,0
2165,1,9,0
2166,1,9,0
2167,1,9,0
2168,1,9,0
2169,1,9,0
2170,1,9,0
2171,1,9,0
2172,1,9,0
2173,1,9,0
2174,0,10,0
2175,0,10,0
2176,0,10,0
2177,0,10,0
2178,0,10,0
2179,0,10,0
2180,0,10,0
2181,0,10,0
2182,0,10,0
2183,0,10,0
2184,0,10,0
2185,0,10,0
2186,0,10,0
2187,0,10,0
2188,0,10,0
2189,0,10,0
2190,0,10,0
2191,0,10,0
2192,0,10,0
2193,0,10,0
2194,0,10,0
2195,0,10,0
2196,0,10,0
2197,0,10,0
2198,0,10,0
2199,0,10,0
2200,0,10,0
2201,0,10,0
2202,0,10,0
2203,0,10,0
2204,0,10,0
2205,0,10,0
2206,0,10,0
2207,0,10,0
2208,0,10,0
2209,0,10,0
2210,0,10,0
2211,0,10,0
2212,0,10,0
2213,0,10,0
2214,0,10,0
2215,0,10,0
2216,0,10,0
2217,0,10,0
2218,0,10,0
2219,0,10,0
2220,0,10,0
2221,0,10,0
2222,0,10,0
2223,0,10,0
2224,0,10,0
2225,0,10,0
2226,0,10,0
2227,0,10,0
2228,0,10,0
2229,0,10,0
2230,0,10,0
2231,0,10,0
2232,0,10,0
2233,0,10,0
2234,0,10,0
2235,0,10,0
2236,0,10,0
2237,0,10,0
2238,0,10,0
2239,0,10,0
2240,0,10,0
2241,0,10,0
2242,0,10,0
2243,0,10,0
2244,0,10,0
2245,0,10,0
2246,0,10,0
2247,0,10,0
2248,0,10,0
2249,0,10,0
2250,0,10,0
2251,0,10,0
2252,0,10,0
2253,0,10,0
2254,0,10,0
2255,0,10,0
2256,0,10,0
2257,0,10,0
2258,0,10,0
2259,0,10,0
2260,0,10,0
2261,0,10,0
2262,0,10,0
2263,0,10,0
2264,0,10,0
2265,0,10,0
2266,0,10,0
2267,0,10,0
2268,0,10,0
2269,0,10,0
2270,0,10,0
2271,0,10,0
2272,0,10,0
2273,0,10,0
2274,0,10,0
2275,0,10,0
2276,0,10,0
2277,0,10,0
2278,0,10,0
2279,0,10,0
2280,0,10,0
2281,0,10,0
2282,0,10,0
2283,0,10,0
2284,0,10,0
2285,0,10,0
2286,0,10,0
2287,0,10,0
2288,0,10,0
2289,0,10,0
2290,0,10,0
2291,0,10,0
2292,0,10,0
2293,0,10,0
2294,0,10,0
2295,0,10,0
2296,0,10,0
2297,0,10,0
2298,0,10,0
2299,0,10,0
2300,0,10,0
2301,0,10,0
2302,0,10,0
2303,0,10,0
2304,0,10,0
2305,0,10,0
2306,0,10,0
2307,0,10,0
2308,0,10,0
2309,0,10,0
2310,0,10,0
2311,0,10,0
2312,0,10,0
2313,0,10,0
2314,0,10,0
2315,0,10,0
2316,0,10,0
2317,0,10,0
2318,0,10,0
2319,0,10,0
2320,0,10,0
2321,0,10,0
2322,0,10,0
2323,0,10,0
2324,0,10,0
2325,0,10,0
2326,0,10,0
2327,0,10,0
2328,0,10,0
2329,0,10,0
2330,0,10,0
2331,0,10,0
2332,0,10,0
2333,0,10,0
2334,0,10,0
2335,0,10,0
2336,0,10,0
2337,0,10,0
2338,0,10,0
2339,0,10,0
2340,0,10,0
2341,0,10,0
2342,0,10,0
2343,0,10,0
2344,0,10,0
2345,0,10,0
2346,0,10,0
2347,0,10,0
2348,0,10,0
2349,0,10,0
2350,0,10,0
2351,0,10,0
2352,0,10,0
2353,0,10,0
2354,0,10,0
2355,0,10,0
2356,0,10,0
2357,0,10,0
2358,0,10,0
2359,0,10,0
2360,0,10,0
2361,0,10,0
2362,0,10,0
2363,0,10,0
2364,0,10,0
2365,0,10,0
2366,0,10,0
2367,0,10,0
2368,0,10,0
2369,0,10,0
2370,0,10,0
2371,0,10,0
2372,0,10,0
2373,0,10,0
2374,0,10,0
2375,0,10,0
2376,0,10,0
2377,0,10,0
2378,0,10,0
2379,0,10,0
2380,0,10,0
2381,0,10,0
2382,0,10,0
2383,0,10,0
2384,0,10,0
2385,0,10,0
2386,0,10,0
2387,0,10,0
2388,0,10,0
2389,0,10,0
2390,0,10,0
2391,0,10,0
2392,0,10,0
2393,0,10,0
2394,0,10,0
2395,0,10,0
2396,0,10,0
2397,0,10,0
2398,0,10,0
2399,0,10,0
2400,0,9,1
2401,0,9,1
2402,0,9,1
2403,0,9,1
2404,0,9,1
2405,0,9,1
2406,0,9,1
2407,0,9,1
2408,0,9,1
2409,0,9,1
2410,0,9,1
2411,0,9,1
2412,0,9,1
2413,0,9,1
2414,0,9,1
2415,0,9,1
2416,0,9,1
2417,0,9,1
2418,0,9,1
2419,0,9,1
2420,0,9,1
2421,0,9,1
2422,0,9,1
2423,0,9,1
2424,0,9,1
2425,0,9,1
2426,0,9,1
2427,0,9,1
2428,0,9,1
2429,0,9,1
2430,0,9,1
2431,0,9,1
2432,0,9,1
2433,0,9,1
2434,0,9,1
2435,0,9,1
2436,0,9,1
2437,0,9,1
2438,0,9,1
2439,0,9,1
2440,0,9,1
2441,0,9,1
2442,0,9,1
2443,0,9,1
2444,0,9,1
2445,0,9,1
2446,0,9,1
2447,0,9,1
2448,0,9,1
2449,0,9,1
2450,0,9,1
2451,0,9,1
2452,0,8,2
2453,0,8,2
2454,0,8,2
2455,0,8,2
2456,0,8,2
2457,0,8,2
2458,0,8,2
2459,0,8,2
2460,0,8,2
2461,0,8,2
2462,0,8,2
2463,0,8,2
2464,0,8,2
2465,0,8,2
2466,0,8,2
2467,0,8,2
2468,0,8,2
2469,0,8,2
2470,0,8,2
2471,0,8,2
2472,0,8,2
2473,0,8,2
2474,0,8,2
2475,0,8,2
2476,0,8,2
2477,0,8,2
2478,0,8,2
2479,0,8,2
2480,0,8,2
2481,0,8,2
2482,0,8,2
2483,0,8,2
2484,0,8,2
2485,0,8,2
2486,0,8,2
2487,0,8,2
2488,0,8,2
2489,0,8,2
2490,0,8,2
2491,0,8,2
2492,0,8,2
2493,0,8,2
2494,0,8,2
2495,0,8,2
2496,0,8,2
2497,0,8,2
2498,0,8,2
2499,0,8,2
2500,0,8,2
2501,0,8,2
2502,0,8,2
2503,0,8,2
2504,0,8,2
2505,0,8,2
2506,0,8,2
2507,0,8,2
2508,0,8,2
2509,0,8,2
2510,0,8,2
2511,0,8,2
2512,0,8,2
2513,0,8,2
2514,0,8,2
2515,0,8,2
2516,0,8,2
2517,0,8,2
2518,0,8,2
2519,0,8,2
2520,0,8,2
2521,0,8,2
2522,0,8,2
2523,0,8,2
2524,0,8,2
