<cur_step>,<num_susceptible>,<num_infected>,<num_recovered>
1,49,1,0
2,49,1,0
3,49,1,0
4,49,1,0
5,49,1,0
6,49,1,0
7,49,1,0
8,49,1,0
9,49,1,0
10,49,1,0
11,49,1,0
12,49,1,0
13,49,1,0
14,49,1,0
15,49,1,0
16,49,1,0
17,49,1,0
18,49,1,0
19,49,1,0
20,49,1,0
21,49,1,0
22,49,1,0
23,49,1,0
24,49,1,0
25,49,1,0
26,49,1,0
27,49,1,0
28,49,1,0
29,49,1,0
30,49,1,0
31,49,1,0
32,49,1,0
33,49,1,0
34,49,1,0
35,49,1,0
36,49,1,0
37,49,1,0
38,49,1,0
39,49,1,0
40,49,1,0
41,49,1,0
42,49,1,0
43,49,1,0
44,49,1,0
45,49,1,0
46,49,1,0
47,49,1,0
48,49,1,0
49,49,1,0
50,49,1,0
51,49,1,0
52,49,1,0
53,49,1,0
54,49,1,0
55,49,1,0
56,49,1,0
57,49,1,0
58,49,1,0
59,49,1,0
60,49,1,0
61,49,1,0
62,49,1,0
63,49,1,0
64,49,1,0
65,49,1,0
66,49,1,0
67,49,1,0
68,49,1,0
69,49,1,0
70,49,1,0
71,49,1,0
72,49,1,0
73,49,1,0
74,49,1,0
75,49,1,0
76,49,1,0
77,49,1,0
78,49,1,0
79,49,1,0
80,49,1,0
81,49,1,0
82,49,1,0
83,49,1,0
84,49,1,0
85,49,1,0
86,49,1,0
87,49,1,0
88,49,1,0
89,49,1,0
90,49,1,0
91,49,1,0
92,49,1,0
93,49,1,0
94,49,1,0
95,49,1,0
96,49,1,0
97,49,1,0
98,49,1,0
99,49,1,0
100,49,1,0
101,49,1,0
102,49,1,0
103,49,1,0
104,49,1,0
105,49,1,0
106,49,1,0
107,49,1,0
108,49,1,0
109,49,1,0
110,49,1,0
111,49,1,0
112,49,1,0
113,49,1,0
114,49,1,0
115,49,1,0
116,49,1,0
117,49,1,0
118,49,1,0
119,49,1,0
120,49,1,0
121,49,1,0
122,49,1,0
123,49,1,0
124,49,1,0
125,49,1,0
126,49,1,0
127,49,1,0
128,49,1,0
129,49,1,0
130,49,1,0
131,49,1,0
132,49,1,0
133,49,1,0
134,49,1,0
135,49,1,0
136,49,1,0
137,49,1,0
138,49,1,0
139,49,1,0
140,49,1,0
141,49,1,0
142,49,1,0
143,49,1,0
144,49,1,0
145,49,1,0
146,49,1,0
147,49,1,0
148,49,1,0
149,49,1,0
150,49,1,0
151,49,1,0
152,49,1,0
153,49,1,0
154,49,1,0
155,49,1,0
156,49,1,0
157,49,1,0
158,49,1,0
159,49,1,0
160,49,1,0
161,49,1,0
162,49,1,0
163,49,1,0
164,49,1,0
165,49,1,0
166,49,1,0
167,49,1,0
168,49,1,0
169,49,1,0
170,49,1,0
171,49,1,0
172,49,1,0
173,49,1,0
174,49,1,0
175,49,1,0
176,49,1,0
177,49,1,0
178,49,1,0
179,49,1,0
180,49,1,0
181,49,1,0
182,49,1,0
183,49,1,0
184,49,1,0
185,49,1,0
186,49,1,0
187,49,1,0
188,49,1,0
189,49,1,0
190,49,1,0
191,49,1,0
192,49,1,0
193,49,1,0
194,49,1,0
195,49,1,0
196,49,1,0
197,49,1,0
198,49,1,0
199,49,1,0
200,49,1,0
201,49,1,0
202,49,1,0
203,49,1,0
204,49,1,0
205,49,1,0
206,49,1,0
207,49,1,0
208,49,1,0
209,49,1,0
210,49,1,0
211,49,1,0
212,49,1,0
213,49,1,0
214,49,1,0
215,49,1,0
216,49,1,0
217,49,1,0
218,49,1,0
219,49,1,0
220,49,1,0
221,48,2,0
222,47,3,0
223,47,3,0
224,47,3,0
225,47,3,0
226,47,3,0
227,47,3,0
228,47,3,0
229,47,3,0
230,47,3,0
231,47,3,0
232,47,3,0
233,47,3,0
234,47,3,0
235,47,3,0
236,47,3,0
237,47,3,0
238,47,3,0
239,47,3,0
240,47,3,0
241,47,3,0
242,47,3,0
243,47,3,0
244,47,3,0
245,47,3,0
246,47,3,0
247,47,3,0
248,47,3,0
249,47,3,0
250,47,3,0
251,47,3,0
252,47,3,0
253,47,3,0
254,47,3,0
255,47,3,0
256,47,3,0
257,47,3,0
258,47,3,0
259,47,3,0
260,47,3,0
261,47,3,0
262,47,3,0
263,47,3,0
264,47,3,0
265,47,3,0
266,47,3,0
267,47,3,0
268,47,3,0
269,47,3,0
270,47,3,0
271,47,3,0
272,47,3,0
273,47,3,0
274,47,3,0
275,47,3,0
276,47,3,0
277,47,3,0
278,47,3,0
279,47,3,0
280,47,3,0
281,47,3,0
282,47,3,0
283,47,3,0
284,47,3,0
285,47,3,0
286,47,3,0
287,47,3,0
288,47,3,0
289,47,3,0
290,47,3,0
291,47,3,0
292,47,3,0
293,47,3,0
294,47,3,0
295,47,3,0
296,47,3,0
297,47,3,0
298,47,3,0
299,47,3,0
300,47,3,0
301,47,3,0
302,47,3,0
303,47,3,0
304,47,3,0
305,47,3,0
306,47,3,0
307,47,3,0
308,47,3,0
309,47,3,0
310,47,3,0
311,47,3,0
312,47,3,0
313,47,3,0
314,47,3,0
315,47,3,0
316,47,3,0
317,47,3,0
318,47,3,0
319,47,3,0
320,47,3,0
321,47,3,0
322,47,3,0
323,47,3,0
324,47,3,0
325,47,3,0
326,47,3,0
327,47,3,0
328,47,3,0
329,47,3,0
330,47,3,0
331,47,3,0
332,47,3,0
333,47,3,0
334,47,3,0
335,47,3,0
336,47,3,0
337,47,3,0
338,47,3,0
339,47,3,0
340,47,3,0
341,47,3,0
342,47,3,0
343,47,3,0
344,47,3,0
345,47,3,0
346,47,3,0
347,47,3,0
348,47,3,0
349,47,3,0
350,47,3,0
351,47,3,0
352,47,3,0
353,47,3,0
354,47,3,0
355,47,3,0
356,47,3,0
357,47,3,0
358,47,3,0
359,47,3,0
360,47,3,0
361,47,3,0
362,47,3,0
363,47,3,0
364,47,3,0
365,47,3,0
366,47,3,0
367,47,3,0
368,47,3,0
369,47,3,0
370,47,3,0
371,47,3,0
372,47,3,0
373,47,3,0
374,47,3,0
375,47,3,0
376,47,3,0
377,47,3,0
378,47,3,0
379,47,3,0
380,47,3,0
381,47,3,0
382,47,3,0
383,47,3,0
384,47,3,0
385,47,3,0
386,47,3,0
387,47,3,0
388,47,3,0
389,47,3,0
390,47,3,0
391,47,3,0
392,47,3,0
393,47,3,0
394,47,3,0
395,47,3,0
396,47,3,0
397,47,3,0
398,47,3,0
399,47,3,0
400,47,3,0
401,47,3,0
402,47,3,0
403,47,3,0
404,47,3,0
405,47,3,0
406,47,3,0
407,47,3,0
408,47,3,0
409,47,3,0
410,47,3,0
411,47,3,0
412,47,3,0
413,47,3,0
414,47,3,0
415,47,3,0
416,47,3,0
417,47,3,0
418,47,3,0
419,47,3,0
420,47,3,0
421,47,3,0
422,47,3,0
423,47,3,0
424,47,3,0
425,47,3,0
426,47,3,0
427,47,3,0
428,47,3,0
429,47,3,0
430,47,3,0
431,47,3,0
432,47,3,0
433,47,3,0
434,47,3,0
435,47,3,0
436,47,3,0
437,47,3,0
438,47,3,0
439,47,3,0
440,47,3,0
441,47,3,0
442,47,3,0
443,47,3,0
444,47,3,0
445,47,3,0
446,47,3,0
447,47,3,0
448,47,3,0
449,47,3,0
450,47,3,0
451,47,3,0
452,47,3,0
453,47,3,0
454,47,3,0
455,47,3,0
456,47,3,0
457,47,3,0
458,47,3,0
459,47,3,0
460,47,3,0
461,47,3,0
462,47,3,0
463,47,3,0
464,47,3,0
465,47,3,0
466,47,3,0
467,47,3,0
468,47,3,0
469,47,3,0
470,47,3,0
471,47,3,0
472,47,3,0
473,47,3,0
474,47,3,0
475,47,3,0
476,47,3,0
477,47,3,0
478,47,3,0
479,47,3,0
480,47,3,0
481,47,3,0
482,47,3,0
483,47,3,0
484,47,3,0
485,47,3,0
486,47,3,0
487,47,3,0
488,47,3,0
489,47,3,0
490,47,3,0
491,47,3,0
492,47,3,0
493,47,3,0
494,47,3,0
495,47,3,0
496,47,3,0
497,47,3,0
498,47,3,0
499,47,3,0
500,47,3,0
501,47,3,0
502,47,3,0
503,47,3,0
504,47,3,0
505,47,3,0
506,47,3,0
507,47,3,0
508,47,3,0
509,47,3,0
510,47,3,0
511,47,3,0
512,47,3,0
513,47,3,0
514,47,3,0
515,47,3,0
516,47,3,0
517,47,3,0
518,47,3,0
519,47,3,0
520,47,3,0
521,47,3,0
522,47,3,0
523,47,3,0
524,47,3,0
525,47,3,0
526,47,3,0
527,47,3,0
528,47,3,0
529,47,3,0
530,47,3,0
531,47,3,0
532,47,3,0
533,47,3,0
534,47,3,0
535,47,3,0
536,47,3,0
537,47,3,0
538,47,3,0
539,47,3,0
540,47,3,0
541,47,3,0
542,47,3,0
543,47,3,0
544,47,3,0
545,47,3,0
546,47,3,0
547,47,3,0
548,47,3,0
549,47,3,0
550,47,3,0
551,47,3,0
552,47,3,0
553,47,3,0
554,47,3,0
555,47,3,0
556,47,3,0
557,47,3,0
558,47,3,0
559,47,3,0
560,47,3,0
561,47,3,0
562,47,3,0
563,47,3,0
564,47,3,0
565,47,3,0
566,47,3,0
567,47,3,0
568,47,3,0
569,47,3,0
570,47,3,0
571,47,3,0
572,47,3,0
573,47,3,0
574,47,3,0
575,47,3,0
576,47,3,0
577,47,3,0
578,47,3,0
579,47,3,0
580,47,3,0
581,46,4,0
582,46,4,0
583,46,4,0
584,46,4,0
585,46,4,0
586,46,4,0
587,46,4,0
588,46,4,0
589,46,4,0
590,46,4,0
591,46,4,0
592,46,4,0
593,46,4,0
594,46,4,0
595,46,4,0
596,46,4,0
597,46,4,0
598,46,4,0
599,46,4,0
600,46,4,0
601,46,4,0
602,46,4,0
603,46,4,0
604,46,4,0
605,46,4,0
606,46,4,0
607,46,4,0
608,46,4,0
609,46,4,0
610,46,4,0
611,46,4,0
612,46,4,0
613,46,4,0
614,46,4,0
615,46,4,0
616,46,4,0
617,46,4,0
618,46,4,0
619,46,4,0
620,46,4,0
621,46,4,0
622,46,4,0
623,46,4,0
624,46,4,0
625,46,4,0
626,46,4,0
627,46,4,0
628,46,4,0
629,46,4,0
630,46,4,0
631,46,4,0
632,46,4,0
633,46,4,0
634,46,4,0
635,46,4,0
636,46,4,0
637,46,4,0
638,46,4,0
639,46,4,0
640,46,4,0
641,46,4,0
642,46,4,0
643,46,4,0
644,46,4,0
645,46,4,0
646,46,4,0
647,45,5,0
648,45,5,0
649,45,5,0
650,45,5,0
651,45,5,0
652,45,5,0
653,45,5,0
654,45,5,0
655,45,5,0
656,45,5,0
657,45,5,0
658,45,5,0
659,45,5,0
660,45,5,0
661,45,5,0
662,45,5,0
663,45,5,0
664,45,5,0
665,45,5,0
666,45,5,0
667,45,5,0
668,45,5,0
669,45,5,0
670,45,5,0
671,45,5,0
672,45,5,0
673,45,5,0
674,45,5,0
675,45,5,0
676,45,5,0
677,45,5,0
678,45,5,0
679,45,5,0
680,45,5,0
681,45,5,0
682,45,5,0
683,45,5,0
684,45,5,0
685,45,5,0
686,45,5,0
687,45,5,0
688,45,5,0
689,45,5,0
690,45,5,0
691,45,5,0
692,45,5,0
693,45,5,0
694,45,5,0
695,45,5,0
696,45,5,0
697,45,5,0
698,45,5,0
699,45,5,0
700,45,5,0
701,45,5,0
702,45,5,0
703,45,5,0
704,45,5,0
705,45,5,0
706,45,5,0
707,45,5,0
708,45,5,0
709,45,5,0
710,45,5,0
711,45,5,0
712,45,5,0
713,45,5,0
714,45,5,0
715,45,5,0
716,45,5,0
717,45,5,0
718,45,5,0
719,45,5,0
720,45,5,0
721,45,5,0
722,45,5,0
723,45,5,0
724,45,5,0
725,45,5,0
726,45,5,0
727,45,5,0
728,45,5,0
729,45,5,0
730,45,5,0
731,45,5,0
732,45,5,0
733,45,5,0
734,45,5,0
735,45,5,0
736,45,5,0
737,45,5,0
738,45,5,0
739,45,5,0
740,45,5,0
741,45,5,0
742,45,5,0
743,45,5,0
744,45,5,0
745,45,5,0
746,45,5,0
747,45,5,0
748,45,5,0
749,45,5,0
750,45,5,0
751,45,5,0
752,45,5,0
753,45,5,0
754,45,5,0
755,45,5,0
756,45,5,0
757,45,5,0
758,45,5,0
759,45,5,0
760,45,5,0
761,45,5,0
762,45,5,0
763,45,5,0
764,45,5,0
765,45,5,0
766,45,5,0
767,45,5,0
768,45,5,0
769,45,5,0
770,44,6,0
771,44,6,0
772,44,6,0
773,44,6,0
774,44,6,0
775,44,6,0
776,44,6,0
777,44,6,0
778,44,6,0
779,44,6,0
780,44,6,0
781,44,6,0
782,44,6,0
783,44,6,0
784,44,6,0
785,44,6,0
786,44,6,0
787,44,6,0
788,44,6,0
789,44,6,0
790,44,6,0
791,44,6,0
792,44,6,0
793,44,6,0
794,44,6,0
795,44,6,0
796,44,6,0
797,44,6,0
798,44,6,0
799,44,6,0
800,43,7,0
801,43,7,0
802,43,7,0
803,43,7,0
804,43,7,0
805,43,7,0
806,43,7,0
807,43,7,0
808,43,7,0
809,43,7,0
810,43,7,0
811,43,7,0
812,43,7,0
813,43,7,0
814,43,7,0
815,43,7,0
816,43,7,0
817,43,7,0
818,43,7,0
819,43,7,0
820,43,7,0
821,43,7,0
822,43,7,0
823,43,7,0
824,42,8,0
825,42,8,0
826,42,8,0
827,42,8,0
828,42,8,0
829,42,8,0
830,42,8,0
831,42,8,0
832,42,8,0
833,42,8,0
834,42,8,0
835,42,8,0
836,42,8,0
837,42,8,0
838,42,8,0
839,42,8,0
840,42,8,0
841,42,8,0
842,42,8,0
843,42,8,0
844,42,8,0
845,42,8,0
846,42,8,0
847,42,8,0
848,42,8,0
849,42,8,0
850,42,8,0
851,42,8,0
852,42,8,0
853,42,8,0
854,42,8,0
855,42,8,0
856,42,8,0
857,42,8,0
858,42,8,0
859,42,8,0
860,42,8,0
861,42,8,0
862,42,8,0
863,42,8,0
864,42,8,0
865,42,8,0
866,42,8,0
867,42,8,0
868,42,8,0
869,42,8,0
870,42,8,0
871,42,8,0
872,42,8,0
873,41,9,0
874,41,9,0
875,41,9,0
876,41,9,0
877,41,9,0
878,41,9,0
879,41,9,0
880,41,9,0
881,41,9,0
882,41,9,0
883,41,9,0
884,41,9,0
885,41,9,0
886,41,9,0
887,41,9,0
888,41,9,0
889,41,9,0
890,41,9,0
891,41,9,0
892,41,9,0
893,41,9,0
894,41,9,0
895,41,9,0
896,41,9,0
897,41,9,0
898,41,9,0
899,41,9,0
900,41,9,0
901,41,9,0
902,41,9,0
903,41,9,0
904,41,9,0
905,41,9,0
906,41,9,0
907,41,9,0
908,41,9,0
909,41,9,0
910,41,9,0
911,41,9,0
912,41,9,0
913,41,9,0
914,40,10,0
915,40,10,0
916,40,10,0
917,40,10,0
918,40,10,0
919,40,10,0
920,40,10,0
921,40,10,0
922,40,10,0
923,40,10,0
924,40,10,0
925,40,10,0
926,40,10,0
927,40,10,0
928,40,10,0
929,40,10,0
930,40,10,0
931,40,10,0
932,40,10,0
933,40,10,0
934,40,10,0
935,40,10,0
936,40,10,0
937,40,10,0
938,40,10,0
939,40,10,0
940,40,10,0
941,40,10,0
942,40,10,0
943,40,10,0
944,40,10,0
945,40,10,0
946,40,10,0
947,40,10,0
948,40,10,0
949,40,10,0
950,40,10,0
951,40,10,0
952,40,10,0
953,40,10,0
954,40,10,0
955,40,10,0
956,40,10,0
957,40,10,0
958,40,10,0
959,40,10,0
960,39,11,0
961,39,11,0
962,39,11,0
963,39,11,0
964,39,11,0
965,39,11,0
966,39,11,0
967,39,11,0
968,39,11,0
969,39,11,0
970,39,11,0
971,39,11,0
972,39,11,0
973,39,11,0
974,39,11,0
975,39,11,0
976,39,11,0
977,38,12,0
978,38,12,0
979,38,12,0
980,38,12,0
981,38,12,0
982,38,12,0
983,38,12,0
984,38,12,0
985,38,12,0
986,38,12,0
987,38,12,0
988,38,12,0
989,38,12,0
990,38,12,0
991,38,12,0
992,38,12,0
993,38,12,0
994,38,12,0
995,38,12,0
996,38,12,0
997,38,12,0
998,38,12,0
999,38,12,0
1000,38,12,0
1001,38,12,0
1002,38,12,0
1003,38,12,0
1004,38,12,0
1005,38,12,0
1006,38,12,0
1007,38,12,0
1008,38,12,0
1009,38,12,0
1010,38,12,0
1011,38,12,0
1012,38,12,0
1013,38,12,0
1014,38,12,0
1015,38,12,0
1016,38,12,0
1017,38,12,0
1018,38,12,0
1019,38,12,0
1020,38,12,0
1021,38,12,0
1022,38,12,0
1023,38,12,0
1024,38,12,0
1025,38,12,0
1026,38,12,0
1027,38,12,0
1028,38,12,0
1029,38,12,0
1030,38,12,0
1031,38,12,0
1032,38,12,0
1033,38,12,0
1034,38,12,0
1035,38,12,0
1036,38,12,0
1037,38,12,0
1038,38,12,0
1039,38,12,0
1040,38,12,0
1041,38,12,0
1042,38,12,0
1043,38,12,0
1044,38,12,0
1045,38,12,0
1046,38,12,0
1047,38,12,0
1048,38,12,0
1049,38,12,0
1050,38,12,0
1051,38,12,0
1052,38,12,0
1053,38,12,0
1054,38,12,0
1055,38,12,0
1056,38,12,0
1057,38,12,0
1058,38,12,0
1059,38,12,0
1060,38,12,0
1061,38,12,0
1062,38,12,0
1063,38,12,0
1064,38,12,0
1065,38,12,0
1066,38,12,0
1067,38,12,0
1068,38,12,0
1069,38,12,0
1070,38,12,0
1071,38,12,0
1072,38,12,0
1073,38,12,0
1074,38,12,0
1075,38,12,0
1076,38,12,0
1077,38,12,0
1078,38,12,0
1079,38,12,0
1080,38,12,0
1081,38,12,0
1082,38,12,0
1083,38,12,0
1084,38,12,0
1085,38,12,0
1086,38,12,0
1087,38,12,0
1088,38,12,0
1089,38,12,0
1090,38,12,0
1091,38,12,0
1092,38,12,0
1093,38,12,0
1094,38,12,0
1095,38,12,0
1096,38,12,0
1097,38,12,0
1098,38,12,0
1099,38,12,0
1100,37,13,0
1101,37,13,0
1102,37,13,0
1103,37,13,0
1104,37,13,0
1105,37,13,0
1106,37,13,0
1107,37,13,0
1108,37,13,0
1109,37,13,0
1110,37,13,0
1111,37,13,0
1112,36,14,0
1113,36,14,0
1114,36,14,0
1115,36,14,0
1116,36,14,0
1117,36,14,0
1118,36,14,0
1119,36,14,0
1120,36,14,0
1121,36,14,0
1122,36,14,0
1123,36,14,0
1124,36,14,0
1125,36,14,0
1126,36,14,0
1127,36,14,0
1128,36,14,0
1129,36,14,0
1130,36,14,0
1131,36,14,0
1132,36,14,0
1133,35,15,0
1134,35,15,0
1135,35,15,0
1136,35,15,0
1137,34,16,0
1138,34,16,0
1139,34,16,0
1140,34,16,0
1141,33,17,0
1142,33,17,0
1143,33,17,0
1144,33,17,0
1145,33,17,0
1146,33,17,0
1147,33,17,0
1148,33,17,0
1149,33,17,0
1150,33,17,0
1151,33,17,0
1152,33,17,0
1153,33,17,0
1154,33,17,0
1155,33,17,0
1156,33,17,0
1157,33,17,0
1158,33,17,0
1159,33,17,0
1160,33,17,0
1161,33,17,0
1162,33,17,0
1163,33,17,0
1164,33,17,0
1165,33,17,0
1166,33,17,0
1167,33,17,0
1168,32,18,0
1169,32,18,0
1170,32,18,0
1171,32,18,0
1172,32,18,0
1173,32,18,0
1174,32,18,0
1175,32,18,0
1176,32,18,0
1177,32,18,0
1178,32,18,0
1179,32,18,0
1180,32,18,0
1181,32,18,0
1182,32,18,0
1183,32,18,0
1184,32,18,0
1185,32,18,0
1186,32,18,0
1187,32,18,0
1188,32,18,0
1189,32,18,0
1190,32,18,0
1191,32,18,0
1192,32,18,0
1193,32,18,0
1194,32,18,0
1195,32,18,0
1196,32,18,0
1197,32,18,0
1198,32,18,0
1199,32,18,0
1200,32,18,0
1201,32,18,0
1202,32,18,0
1203,32,18,0
1204,32,18,0
1205,32,18,0
1206,32,18,0
1207,32,18,0
1208,32,18,0
1209,31,19,0
1210,31,19,0
1211,31,19,0
1212,31,19,0
1213,31,19,0
1214,31,19,0
1215,30,20,0
1216,30,20,0
1217,30,20,0
1218,30,20,0
1219,30,20,0
1220,30,20,0
1221,30,20,0
1222,30,20,0
1223,30,20,0
1224,30,20,0
1225,30,20,0
1226,30,20,0
1227,30,20,0
1228,30,20,0
1229,30,20,0
1230,30,20,0
1231,30,20,0
1232,30,20,0
1233,30,20,0
1234,30,20,0
1235,30,20,0
1236,30,20,0
1237,30,20,0
1238,30,20,0
1239,30,20,0
1240,30,20,0
1241,30,20,0
1242,30,20,0
1243,30,20,0
1244,30,20,0
1245,30,20,0
1246,30,20,0
1247,30,20,0
1248,30,20,0
1249,30,20,0
1250,30,20,0
1251,30,20,0
1252,30,20,0
1253,30,20,0
1254,30,20,0
1255,30,20,0
1256,30,20,0
1257,30,20,0
1258,30,20,0
1259,30,20,0
1260,30,20,0
1261,30,20,0
1262,30,20,0
1263,30,20,0
1264,30,20,0
1265,30,20,0
1266,30,20,0
1267,30,20,0
1268,30,20,0
1269,29,21,0
1270,29,21,0
1271,29,21,0
1272,29,21,0
1273,29,21,0
1274,29,21,0
1275,29,21,0
1276,29,21,0
1277,29,21,0
1278,29,21,0
1279,29,21,0
1280,29,21,0
1281,29,21,0
1282,29,21,0
1283,29,21,0
1284,29,21,0
1285,29,21,0
1286,29,21,0
1287,29,21,0
1288,29,21,0
1289,29,21,0
1290,29,21,0
1291,29,21,0
1292,29,21,0
1293,29,21,0
1294,28,22,0
1295,28,22,0
1296,28,22,0
1297,28,22,0
1298,28,22,0
1299,28,22,0
1300,28,22,0
1301,28,22,0
1302,28,22,0
1303,28,22,0
1304,28,22,0
1305,28,22,0
1306,28,22,0
1307,27,23,0
1308,27,23,0
1309,27,23,0
1310,27,23,0
1311,27,23,0
1312,27,23,0
1313,27,23,0
1314,27,23,0
1315,27,23,0
1316,27,23,0
1317,26,24,0
1318,26,24,0
1319,26,24,0
1320,26,24,0
1321,26,24,0
1322,26,24,0
1323,26,24,0
1324,26,24,0
1325,26,24,0
1326,26,24,0
1327,26,24,0
1328,26,24,0
1329,26,24,0
1330,26,24,0
1331,26,24,0
1332,26,24,0
1333,26,24,0
1334,26,24,0
1335,26,24,0
1336,26,24,0
1337,26,24,0
1338,26,24,0
1339,26,24,0
1340,26,24,0
1341,26,24,0
1342,26,24,0
1343,26,24,0
1344,26,24,0
1345,26,24,0
1346,26,24,0
1347,26,24,0
1348,26,24,0
1349,26,24,0
1350,26,24,0
1351,26,24,0
1352,26,24,0
1353,26,24,0
1354,26,24,0
1355,26,24,0
1356,26,24,0
1357,26,24,0
1358,26,24,0
1359,26,24,0
1360,26,24,0
1361,26,24,0
1362,26,24,0
1363,26,24,0
1364,26,24,0
1365,26,24,0
1366,26,24,0
1367,26,24,0
1368,26,24,0
1369,26,24,0
1370,26,24,0
1371,26,24,0
1372,26,24,0
1373,26,24,0
1374,26,24,0
1375,26,24,0
1376,26,24,0
1377,26,24,0
1378,26,24,0
1379,26,24,0
1380,26,24,0
1381,26,24,0
1382,26,24,0
1383,26,24,0
1384,26,24,0
1385,26,24,0
1386,26,24,0
1387,26,24,0
1388,26,24,0
1389,26,24,0
1390,26,24,0
1391,26,24,0
1392,26,24,0
1393,26,24,0
1394,26,24,0
1395,26,24,0
1396,26,24,0
1397,26,24,0
1398,26,24,0
1399,26,24,0
1400,26,24,0
1401,26,24,0
1402,26,24,0
1403,26,24,0
1404,26,24,0
1405,26,24,0
1406,26,24,0
1407,26,24,0
1408,26,24,0
1409,26,24,0
1410,26,24,0
1411,26,24,0
1412,26,24,0
1413,26,24,0
1414,26,24,0
1415,26,24,0
1416,26,24,0
1417,26,24,0
1418,26,24,0
1419,26,24,0
1420,26,24,0
1421,26,24,0
1422,26,24,0
1423,26,24,0
1424,26,24,0
1425,26,24,0
1426,26,24,0
1427,26,24,0
1428,26,24,0
1429,26,24,0
1430,26,24,0
1431,26,24,0
1432,26,24,0
1433,26,24,0
1434,26,24,0
1435,26,24,0
1436,26,24,0
1437,26,24,0
1438,26,24,0
1439,26,24,0
1440,26,24,0
1441,26,24,0
1442,26,24,0
1443,26,24,0
1444,26,24,0
1445,26,24,0
1446,26,24,0
1447,26,24,0
1448,26,24,0
1449,26,24,0
1450,26,24,0
1451,26,24,0
1452,26,24,0
1453,26,24,0
1454,26,24,0
1455,26,24,0
1456,26,24,0
1457,26,24,0
1458,26,24,0
1459,26,24,0
1460,26,24,0
1461,26,24,0
1462,26,24,0
1463,26,24,0
1464,26,24,0
1465,26,24,0
1466,26,24,0
1467,26,24,0
1468,26,24,0
1469,26,24,0
1470,26,24,0
1471,26,24,0
1472,26,24,0
1473,26,24,0
1474,26,24,0
1475,26,24,0
1476,26,24,0
1477,26,24,0
1478,26,24,0
1479,26,24,0
1480,26,24,0
1481,26,24,0
1482,26,24,0
1483,26,24,0
1484,26,24,0
1485,26,24,0
1486,26,24,0
1487,26,24,0
1488,26,24,0
1489,26,24,0
1490,26,24,0
1491,26,24,0
1492,26,24,0
1493,26,24,0
1494,26,24,0
1495,26,24,0
1496,26,24,0
1497,26,24,0
1498,26,24,0
1499,26,24,0
1500,26,24,0
1501,26,24,0
1502,26,24,0
1503,26,24,0
1504,26,24,0
1505,26,24,0
1506,26,24,0
1507,26,24,0
1508,26,24,0
1509,26,24,0
1510,26,24,0
1511,26,24,0
1512,26,24,0
1513,26,24,0
1514,26,24,0
1515,26,24,0
1516,26,24,0
1517,26,24,0
1518,26,24,0
1519,26,24,0
1520,26,24,0
1521,26,24,0
1522,26,24,0
1523,26,24,0
1524,26,24,0
1525,26,24,0
1526,26,24,0
1527,26,24,0
1528,26,24,0
1529,26,24,0
1530,26,24,0
1531,26,24,0
1532,26,24,0
1533,26,24,0
1534,26,24,0
1535,26,24,0
1536,25,25,0
1537,25,25,0
1538,25,25,0
1539,25,25,0
1540,25,25,0
1541,25,25,0
1542,25,25,0
1543,25,25,0
1544,25,25,0
1545,25,25,0
1546,25,25,0
1547,25,25,0
1548,25,25,0
1549,25,25,0
1550,25,25,0
1551,25,25,0
1552,25,25,0
1553,25,25,0
1554,25,25,0
1555,25,25,0
1556,25,25,0
1557,25,25,0
1558,25,25,0
1559,25,25,0
1560,25,25,0
1561,25,25,0
1562,25,25,0
1563,25,25,0
1564,25,25,0
1565,25,25,0
1566,25,25,0
1567,25,25,0
1568,25,25,0
1569,25,25,0
1570,25,25,0
1571,25,25,0
1572,25,25,0
1573,25,25,0
1574,25,25,0
1575,25,25,0
1576,25,25,0
1577,25,25,0
1578,25,25,0
1579,25,25,0
1580,25,25,0
1581,25,25,0
1582,25,25,0
1583,25,25,0
1584,25,25,0
1585,25,25,0
1586,25,25,0
1587,25,25,0
1588,25,25,0
1589,25,25,0
1590,25,25,0
1591,25,25,0
1592,25,25,0
1593,25,25,0
1594,25,25,0
1595,25,25,0
1596,25,25,0
1597,25,25,0
1598,25,25,0
1599,25,25,0
1600,25,25,0
1601,25,25,0
1602,25,25,0
1603,25,25,0
1604,25,25,0
1605,25,25,0
1606,25,25,0
1607,25,25,0
1608,25,25,0
1609,25,25,0
1610,25,25,0
1611,25,25,0
1612,25,25,0
1613,25,25,0
1614,25,25,0
1615,25,25,0
1616,25,25,0
1617,25,25,0
1618,25,25,0
1619,25,25,0
1620,25,25,0
1621,25,25,0
1622,25,25,0
1623,25,25,0
1624,24,26,0
1625,24,26,0
1626,24,26,0
1627,24,26,0
1628,24,26,0
1629,24,26,0
1630,24,26,0
1631,24,26,0
1632,24,26,0
1633,24,26,0
1634,24,26,0
1635,24,26,0
1636,24,26,0
1637,24,26,0
1638,24,26,0
1639,24,26,0
1640,24,26,0
1641,24,26,0
1642,24,26,0
1643,24,26,0
1644,24,26,0
1645,24,26,0
1646,24,26,0
1647,24,26,0
1648,24,26,0
1649,24,26,0
1650,24,26,0
1651,24,26,0
1652,24,26,0
1653,24,26,0
1654,24,26,0
1655,24,26,0
1656,24,26,0
1657,24,26,0
1658,24,26,0
1659,24,26,0
1660,24,26,0
1661,24,26,0
1662,24,26,0
1663,24,26,0
1664,24,26,0
1665,24,26,0
1666,24,26,0
1667,24,26,0
1668,24,26,0
1669,24,26,0
1670,24,26,0
1671,24,26,0
1672,24,26,0
1673,24,26,0
1674,24,26,0
1675,24,26,0
1676,24,26,0
1677,24,26,0
1678,24,26,0
1679,24,26,0
1680,24,26,0
1681,24,26,0
1682,24,26,0
1683,24,26,0
1684,24,26,0
1685,24,26,0
1686,24,26,0
1687,24,26,0
1688,24,26,0
1689,24,26,0
1690,24,26,0
1691,24,26,0
1692,24,26,0
1693,24,26,0
1694,24,26,0
1695,24,26,0
1696,24,26,0
1697,24,26,0
1698,24,26,0
1699,24,26,0
1700,24,26,0
1701,24,26,0
1702,24,26,0
1703,24,26,0
1704,24,26,0
1705,24,26,0
1706,24,26,0
1707,24,26,0
1708,24,26,0
1709,24,26,0
1710,24,26,0
1711,24,26,0
1712,24,26,0
1713,24,26,0
1714,24,26,0
1715,24,26,0
1716,24,26,0
1717,24,26,0
1718,24,26,0
1719,24,26,0
1720,24,26,0
1721,24,26,0
1722,24,26,0
1723,24,26,0
1724,24,26,0
1725,24,26,0
1726,24,26,0
1727,24,26,0
1728,24,26,0
1729,24,26,0
1730,24,26,0
1731,24,26,0
1732,24,26,0
1733,24,26,0
1734,24,26,0
1735,24,26,0
1736,24,26,0
1737,24,26,0
1738,24,26,0
1739,24,26,0
1740,23,27,0
1741,23,27,0
1742,23,27,0
1743,23,27,0
1744,23,27,0
1745,23,27,0
1746,23,27,0
1747,23,27,0
1748,23,27,0
1749,23,27,0
1750,23,27,0
1751,23,27,0
1752,23,27,0
1753,23,27,0
1754,23,27,0
1755,23,27,0
1756,23,27,0
1757,23,27,0
1758,23,27,0
1759,23,27,0
1760,23,27,0
1761,23,27,0
1762,23,27,0
1763,23,27,0
1764,23,27,0
1765,23,27,0
1766,23,27,0
1767,23,27,0
1768,23,27,0
1769,23,27,0
1770,23,27,0
1771,23,27,0
1772,23,27,0
1773,23,27,0
1774,23,27,0
1775,23,27,0
1776,23,27,0
1777,23,27,0
1778,23,27,0
1779,23,27,0
1780,23,27,0
1781,23,27,0
1782,23,27,0
1783,23,27,0
1784,23,27,0
1785,23,27,0
1786,23,27,0
1787,23,27,0
1788,23,27,0
1789,23,27,0
1790,23,27,0
1791,23,27,0
1792,23,27,0
1793,23,27,0
1794,23,27,0
1795,23,27,0
1796,23,27,0
1797,23,27,0
1798,23,27,0
1799,23,27,0
1800,23,27,0
1801,23,27,0
1802,23,27,0
1803,23,27,0
1804,23,27,0
1805,23,27,0
1806,23,27,0
1807,23,27,0
1808,23,27,0
1809,23,27,0
1810,23,27,0
1811,23,27,0
1812,23,27,0
1813,23,27,0
1814,23,27,0
1815,23,27,0
1816,23,27,0
1817,23,27,0
1818,23,27,0
1819,23,27,0
1820,23,27,0
1821,23,27,0
1822,23,27,0
1823,23,27,0
1824,23,27,0
1825,23,27,0
1826,23,27,0
1827,23,27,0
1828,23,27,0
1829,23,27,0
1830,23,27,0
1831,23,27,0
1832,23,27,0
1833,23,27,0
1834,23,27,0
1835,23,27,0
1836,23,27,0
1837,23,27,0
1838,23,27,0
1839,23,27,0
1840,23,27,0
1841,23,27,0
1842,23,27,0
1843,23,27,0
1844,23,27,0
1845,23,27,0
1846,23,27,0
1847,23,27,0
1848,23,27,0
1849,23,27,0
1850,23,27,0
1851,23,27,0
1852,23,27,0
1853,23,27,0
1854,23,27,0
1855,23,27,0
1856,23,27,0
1857,23,27,0
1858,23,27,0
1859,23,27,0
1860,23,27,0
1861,23,27,0
1862,23,27,0
1863,23,27,0
1864,23,27,0
1865,23,27,0
1866,23,27,0
1867,23,27,0
1868,23,27,0
1869,23,27,0
1870,23,27,0
1871,23,27,0
1872,23,27,0
1873,23,27,0
1874,23,27,0
1875,23,27,0
1876,23,27,0
1877,23,27,0
1878,23,27,0
1879,23,27,0
1880,23,27,0
1881,23,27,0
1882,23,27,0
1883,23,27,0
1884,23,27,0
1885,23,27,0
1886,23,27,0
1887,23,27,0
1888,23,27,0
1889,23,27,0
1890,23,27,0
1891,22,28,0
1892,22,28,0
1893,22,28,0
1894,22,28,0
1895,22,28,0
1896,21,29,0
1897,21,29,0
1898,21,29,0
1899,21,29,0
1900,21,29,0
1901,21,29,0
1902,21,29,0
1903,21,29,0
1904,21,29,0
1905,21,29,0
1906,21,29,0
1907,21,29,0
1908,21,29,0
1909,21,29,0
1910,21,29,0
1911,21,29,0
1912,21,29,0
1913,21,29,0
1914,21,29,0
1915,21,29,0
1916,21,29,0
1917,21,29,0
1918,21,29,0
1919,21,29,0
1920,21,29,0
1921,21,29,0
1922,21,29,0
1923,21,29,0
1924,21,29,0
1925,21,29,0
1926,21,29,0
1927,21,29,0
1928,21,29,0
1929,21,29,0
1930,21,29,0
1931,21,29,0
1932,21,29,0
1933,21,29,0
1934,21,29,0
1935,21,29,0
1936,21,29,0
1937,21,29,0
1938,21,29,0
1939,21,29,0
1940,21,29,0
1941,21,29,0
1942,21,29,0
1943,21,29,0
1944,21,29,0
1945,21,29,0
1946,21,29,0
1947,21,29,0
1948,21,29,0
1949,21,29,0
1950,21,29,0
1951,21,29,0
1952,20,30,0
1953,20,30,0
1954,20,30,0
1955,20,30,0
1956,20,30,0
1957,20,30,0
1958,20,30,0
1959,20,30,0
1960,20,30,0
1961,20,30,0
1962,20,30,0
1963,20,30,0
1964,20,30,0
1965,20,30,0
1966,20,30,0
1967,20,30,0
1968,20,30,0
1969,20,30,0
1970,20,30,0
1971,20,30,0
1972,20,30,0
1973,20,30,0
1974,20,30,0
1975,20,30,0
1976,20,30,0
1977,20,30,0
1978,19,31,0
1979,19,31,0
1980,19,31,0
1981,19,31,0
1982,19,31,0
1983,19,31,0
1984,19,31,0
1985,19,31,0
1986,19,31,0
1987,19,31,0
1988,19,31,0
1989,19,31,0
1990,19,31,0
1991,19,31,0
1992,19,31,0
1993,19,31,0
1994,19,31,0
1995,19,31,0
1996,19,31,0
1997,19,31,0
1998,19,31,0
1999,19,31,0
2000,18,32,0
2001,18,32,0
2002,18,32,0
2003,18,32,0
2004,18,32,0
2005,18,32,0
2006,18,32,0
2007,18,32,0
2008,18,32,0
2009,18,32,0
2010,18,32,0
2011,18,32,0
2012,18,32,0
2013,18,32,0
2014,18,32,0
2015,18,32,0
2016,18,32,0
2017,18,32,0
2018,18,32,0
2019,18,32,0
2020,18,32,0
2021,18,32,0
2022,18,32,0
2023,18,32,0
2024,18,32,0
2025,18,32,0
2026,18,32,0
2027,18,32,0
2028,18,32,0
2029,18,32,0
2030,18,32,0
2031,18,32,0
2032,18,32,0
2033,18,32,0
2034,18,32,0
2035,18,32,0
2036,18,32,0
2037,18,32,0
2038,18,32,0
2039,18,32,0
2040,18,32,0
2041,18,32,0
2042,18,32,0
2043,18,32,0
2044,18,32,0
2045,18,32,0
2046,18,32,0
2047,18,32,0
2048,18,32,0
2049,18,32,0
2050,18,32,0
2051,18,32,0
2052,18,32,0
2053,18,32,0
2054,18,32,0
2055,18,32,0
2056,18,32,0
2057,18,32,0
2058,18,32,0
2059,18,32,0
2060,18,32,0
2061,18,32,0
2062,18,32,0
2063,18,32,0
2064,18,32,0
2065,18,32,0
2066,17,33,0
2067,17,33,0
2068,17,33,0
2069,17,33,0
2070,17,33,0
2071,17,33,0
2072,17,33,0
2073,17,33,0
2074,17,33,0
2075,17,33,0
2076,17,33,0
2077,17,33,0
2078,17,33,0
2079,17,33,0
2080,17,33,0
2081,17,33,0
2082,17,33,0
2083,17,33,0
2084,17,33,0
2085,17,33,0
2086,17,33,0
2087,17,33,0
2088,17,33,0
2089,17,33,0
2090,17,33,0
2091,17,33,0
2092,17,33,0
2093,17,33,0
2094,17,33,0
2095,17,33,0
2096,17,33,0
2097,17,33,0
2098,17,33,0
2099,17,33,0
2100,17,33,0
2101,17,33,0
2102,17,33,0
2103,17,33,0
2104,17,33,0
2105,17,33,0
2106,17,33,0
2107,17,33,0
2108,17,33,0
2109,17,33,0
2110,17,33,0
2111,17,33,0
2112,17,33,0
2113,17,33,0
2114,17,33,0
2115,17,33,0
2116,17,33,0
2117,17,33,0
2118,17,33,0
2119,17,33,0
2120,17,33,0
2121,17,33,0
2122,17,33,0
2123,17,33,0
2124,17,33,0
2125,17,33,0
2126,17,33,0
2127,17,33,0
2128,17,33,0
2129,17,33,0
2130,17,33,0
2131,17,33,0
2132,17,33,0
2133,17,33,0
2134,17,33,0
2135,17,33,0
2136,17,33,0
2137,17,33,0
2138,17,33,0
2139,17,33,0
2140,17,33,0
2141,17,33,0
2142,17,33,0
2143,17,33,0
2144,17,33,0
2145,17,33,0
2146,17,33,0
2147,17,33,0
2148,17,33,0
2149,17,33,0
2150,17,33,0
2151,17,33,0
2152,17,33,0
2153,17,33,0
2154,17,33,0
2155,17,33,0
2156,17,33,0
2157,17,33,0
2158,17,33,0
2159,17,33,0
2160,17,33,0
2161,17,33,0
2162,17,33,0
2163,17,33,0
2164,17,33,0
2165,17,33,0
2166,17,33,0
2167,17,33,0
2168,17,33,0
2169,17,33,0
2170,17,33,0
2171,17,33,0
2172,17,33,0
2173,17,33,0
2174,17,33,0
2175,17,33,0
2176,17,33,0
2177,17,33,0
2178,17,33,0
2179,17,33,0
2180,17,33,0
2181,17,33,0
2182,17,33,0
2183,17,33,0
2184,17,33,0
2185,17,33,0
2186,17,33,0
2187,17,33,0
2188,17,33,0
2189,17,33,0
2190,17,33,0
2191,17,33,0
2192,17,33,0
2193,17,33,0
2194,17,33,0
2195,17,33,0
2196,17,33,0
2197,17,33,0
2198,17,33,0
2199,17,33,0
2200,17,33,0
2201,17,33,0
2202,17,33,0
2203,17,33,0
2204,17,33,0
2205,17,33,0
2206,17,33,0
2207,17,33,0
2208,17,33,0
2209,17,33,0
2210,17,33,0
2211,17,33,0
2212,17,33,0
2213,17,33,0
2214,17,33,0
2215,17,33,0
2216,17,33,0
2217,17,33,0
2218,17,33,0
2219,17,33,0
2220,17,33,0
2221,17,33,0
2222,17,33,0
2223,17,33,0
2224,17,33,0
2225,17,33,0
2226,17,33,0
2227,17,33,0
2228,17,33,0
2229,17,33,0
2230,17,33,0
2231,17,33,0
2232,17,33,0
2233,17,33,0
2234,17,33,0
2235,17,33,0
2236,17,33,0
2237,17,33,0
2238,17,33,0
2239,17,33,0
2240,17,33,0
2241,17,33,0
2242,17,33,0
2243,17,33,0
2244,17,33,0
2245,17,33,0
2246,17,33,0
2247,17,33,0
2248,17,33,0
2249,17,33,0
2250,17,33,0
2251,17,33,0
2252,17,33,0
2253,17,33,0
2254,17,33,0
2255,17,33,0
2256,17,33,0
2257,17,33,0
2258,17,33,0
2259,17,33,0
2260,17,33,0
2261,17,33,0
2262,17,33,0
2263,17,33,0
2264,17,33,0
2265,17,33,0
2266,17,33,0
2267,17,33,0
2268,16,34,0
2269,16,34,0
2270,16,34,0
2271,16,34,0
2272,16,34,0
2273,16,34,0
2274,16,34,0
2275,16,34,0
2276,16,34,0
2277,15,35,0
2278,15,35,0
2279,15,35,0
2280,15,35,0
2281,15,35,0
2282,15,35,0
2283,15,35,0
2284,15,35,0
2285,15,35,0
2286,15,35,0
2287,15,35,0
2288,15,35,0
2289,15,35,0
2290,15,35,0
2291,15,35,0
2292,15,35,0
2293,15,35,0
2294,15,35,0
2295,15,35,0
2296,15,35,0
2297,15,35,0
2298,15,35,0
2299,15,35,0
2300,15,35,0
2301,15,35,0
2302,15,35,0
2303,15,35,0
2304,15,35,0
2305,15,35,0
2306,15,35,0
2307,15,35,0
2308,15,35,0
2309,15,35,0
2310,15,35,0
2311,15,35,0
2312,15,35,0
2313,15,35,0
2314,15,35,0
2315,15,35,0
2316,15,35,0
2317,15,35,0
2318,15,35,0
2319,15,35,0
2320,15,35,0
2321,15,35,0
2322,15,35,0
2323,15,35,0
2324,15,35,0
2325,15,35,0
2326,15,35,0
2327,15,35,0
2328,15,35,0
2329,15,35,0
2330,15,35,0
2331,15,35,0
2332,15,35,0
2333,15,35,0
2334,15,35,0
2335,15,35,0
2336,15,35,0
2337,15,35,0
2338,15,35,0
2339,15,35,0
2340,15,35,0
2341,15,35,0
2342,15,35,0
2343,15,35,0
2344,15,35,0
2345,15,35,0
2346,15,35,0
2347,15,35,0
2348,15,35,0
2349,15,35,0
2350,15,35,0
2351,15,35,0
2352,15,35,0
2353,15,35,0
2354,15,35,0
2355,15,35,0
2356,15,35,0
2357,15,35,0
2358,15,35,0
2359,15,35,0
2360,14,36,0
2361,14,36,0
2362,14,36,0
2363,14,36,0
2364,14,36,0
2365,14,36,0
2366,14,36,0
2367,14,36,0
2368,14,36,0
2369,14,36,0
2370,14,36,0
2371,14,36,0
2372,14,36,0
2373,14,36,0
2374,14,36,0
2375,14,36,0
2376,14,36,0
2377,14,36,0
2378,14,36,0
2379,14,36,0
2380,14,36,0
2381,14,36,0
2382,13,37,0
2383,13,37,0
2384,13,37,0
2385,13,37,0
2386,13,37,0
2387,13,37,0
2388,13,37,0
2389,13,37,0
2390,13,37,0
2391,13,37,0
2392,13,37,0
2393,13,37,0
2394,13,37,0
2395,13,37,0
2396,13,37,0
2397,13,37,0
2398,13,37,0
2399,13,37,0
2400,13,36,1
2401,13,36,1
2402,13,36,1
2403,13,36,1
2404,13,36,1
2405,13,36,1
2406,13,36,1
2407,13,36,1
2408,13,36,1
2409,13,36,1
2410,13,36,1
2411,12,37,1
2412,12,37,1
2413,12,37,1
2414,12,37,1
2415,12,37,1
2416,12,37,1
2417,12,37,1
2418,12,37,1
2419,12,37,1
2420,12,37,1
2421,12,37,1
2422,12,37,1
2423,12,37,1
2424,12,37,1
2425,12,37,1
2426,12,37,1
2427,12,37,1
2428,12,37,1
2429,12,37,1
2430,12,37,1
2431,12,37,1
2432,12,37,1
2433,12,37,1
2434,12,37,1
2435,12,37,1
2436,12,37,1
2437,12,37,1
2438,12,37,1
2439,12,37,1
2440,12,37,1
2441,12,37,1
2442,12,37,1
2443,12,37,1
2444,12,37,1
2445,12,37,1
2446,12,37,1
2447,12,37,1
2448,12,37,1
2449,12,37,1
2450,12,37,1
2451,12,37,1
2452,12,37,1
2453,12,37,1
2454,11,38,1
2455,11,38,1
2456,11,38,1
2457,11,38,1
2458,11,38,1
2459,11,38,1
2460,11,38,1
2461,11,38,1
2462,11,38,1
2463,11,38,1
2464,11,38,1
2465,10,39,1
2466,10,39,1
2467,10,39,1
2468,10,39,1
2469,10,39,1
2470,10,39,1
2471,10,39,1
2472,10,39,1
2473,10,39,1
2474,10,39,1
2475,10,39,1
2476,10,39,1
2477,10,39,1
2478,10,39,1
2479,10,39,1
2480,10,39,1
2481,10,39,1
2482,10,39,1
2483,10,39,1
2484,10,39,1
2485,10,39,1
2486,10,39,1
2487,10,39,1
2488,10,39,1
2489,10,39,1
2490,10,39,1
2491,10,39,1
2492,10,39,1
2493,10,39,1
2494,10,39,1
2495,10,39,1
2496,10,39,1
2497,10,39,1
2498,10,39,1
2499,10,39,1
2500,10,39,1
2501,10,39,1
2502,10,39,1
2503,10,39,1
2504,10,39,1
2505,10,39,1
2506,10,39,1
2507,10,39,1
2508,10,39,1
2509,10,39,1
2510,10,39,1
2511,10,39,1
2512,10,39,1
2513,10,39,1
2514,10,39,1
2515,10,39,1
2516,10,39,1
2517,10,39,1
2518,10,39,1
2519,10,39,1
2520,10,39,1
2521,10,39,1
2522,10,39,1
2523,10,39,1
2524,10,39,1
2525,10,39,1
2526,10,39,1
2527,10,39,1
2528,10,39,1
2529,10,39,1
2530,10,39,1
2531,10,39,1
2532,10,39,1
2533,10,39,1
2534,10,39,1
2535,10,39,1
2536,10,39,1
2537,10,39,1
2538,10,39,1
2539,10,39,1
2540,10,39,1
2541,10,39,1
2542,10,39,1
2543,10,39,1
2544,10,39,1
2545,10,39,1
2546,10,39,1
2547,10,39,1
2548,10,39,1
2549,10,39,1
2550,10,39,1
2551,10,39,1
2552,10,39,1
2553,10,39,1
2554,10,39,1
2555,10,39,1
2556,10,39,1
2557,10,39,1
2558,10,39,1
2559,10,39,1
2560,10,39,1
2561,10,39,1
2562,10,39,1
2563,10,39,1
2564,10,39,1
2565,10,39,1
2566,10,39,1
2567,10,39,1
2568,10,39,1
2569,10,39,1
2570,10,39,1
2571,10,39,1
2572,10,39,1
2573,10,39,1
2574,10,39,1
2575,10,39,1
2576,10,39,1
2577,10,39,1
2578,10,39,1
2579,10,39,1
2580,10,39,1
2581,10,39,1
2582,10,39,1
2583,10,39,1
2584,10,39,1
2585,10,39,1
2586,10,39,1
2587,10,39,1
2588,10,39,1
2589,10,39,1
2590,10,39,1
2591,10,39,1
2592,10,39,1
2593,10,39,1
2594,9,40,1
2595,9,40,1
2596,9,40,1
2597,9,40,1
2598,9,40,1
2599,9,40,1
2600,9,40,1
2601,9,40,1
2602,9,40,1
2603,9,40,1
2604,9,40,1
2605,9,40,1
2606,9,40,1
2607,9,40,1
2608,9,40,1
2609,9,40,1
2610,9,40,1
2611,9,40,1
2612,9,40,1
2613,9,40,1
2614,9,40,1
2615,9,40,1
2616,9,40,1
2617,9,40,1
2618,9,40,1
2619,9,40,1
2620,9,40,1
2621,9,39,2
2622,9,38,3
2623,9,38,3
2624,9,38,3
2625,9,38,3
2626,9,38,3
2627,9,38,3
2628,9,38,3
2629,9,38,3
2630,9,38,3
2631,9,38,3
2632,9,38,3
2633,9,38,3
2634,9,38,3
2635,9,38,3
2636,9,38,3
2637,9,38,3
2638,9,38,3
2639,9,38,3
2640,9,38,3
2641,9,38,3
2642,9,38,3
2643,9,38,3
2644,9,38,3
2645,9,38,3
2646,9,38,3
2647,9,38,3
2648,9,38,3
2649,9,38,3
2650,9,38,3
2651,9,38,3
2652,9,38,3
2653,9,38,3
2654,9,38,3
2655,9,38,3
2656,9,38,3
2657,9,38,3
2658,9,38,3
2659,9,38,3
2660,9,38,3
2661,9,38,3
2662,9,38,3
2663,9,38,3
2664,9,38,3
2665,9,38,3
2666,9,38,3
2667,9,38,3
2668,9,38,3
2669,9,38,3
2670,9,38,3
2671,9,38,3
2672,9,38,3
2673,9,38,3
2674,9,38,3
2675,9,38,3
2676,9,38,3
2677,9,38,3
2678,9,38,3
2679,9,38,3
2680,9,38,3
2681,9,38,3
2682,9,38,3
2683,9,38,3
2684,9,38,3
2685,9,38,3
2686,9,38,3
2687,9,38,3
2688,9,38,3
2689,9,38,3
2690,9,38,3
2691,9,38,3
2692,9,38,3
2693,9,38,3
2694,9,38,3
2695,9,38,3
2696,9,38,3
2697,9,38,3
2698,9,38,3
2699,9,38,3
2700,9,38,3
2701,9,38,3
2702,9,38,3
2703,9,38,3
2704,9,38,3
2705,9,38,3
2706,9,38,3
2707,9,38,3
2708,9,38,3
2709,8,39,3
2710,8,39,3
2711,8,39,3
2712,8,39,3
2713,8,39,3
2714,8,39,3
2715,8,39,3
2716,8,39,3
2717,8,39,3
2718,8,39,3
2719,8,39,3
2720,8,39,3
2721,8,39,3
2722,8,39,3
2723,8,39,3
2724,8,39,3
2725,8,39,3
2726,8,39,3
2727,8,39,3
2728,8,39,3
2729,8,39,3
2730,8,39,3
2731,8,39,3
2732,8,39,3
2733,8,39,3
2734,8,39,3
2735,8,39,3
2736,8,39,3
2737,8,39,3
2738,8,39,3
2739,8,39,3
2740,8,39,3
2741,8,39,3
2742,8,39,3
2743,8,39,3
2744,8,39,3
2745,8,39,3
2746,8,39,3
2747,8,39,3
2748,8,39,3
2749,8,39,3
2750,8,39,3
2751,8,39,3
2752,8,39,3
2753,8,39,3
2754,8,39,3
2755,8,39,3
2756,8,39,3
2757,8,39,3
2758,8,39,3
2759,8,39,3
2760,7,40,3
2761,7,40,3
2762,7,40,3
2763,7,40,3
2764,7,40,3
2765,7,40,3
2766,7,40,3
2767,7,40,3
2768,7,40,3
2769,7,40,3
2770,7,40,3
2771,7,40,3
2772,7,40,3
2773,7,40,3
2774,7,40,3
2775,7,40,3
2776,7,40,3
2777,7,40,3
2778,7,40,3
2779,7,40,3
2780,7,40,3
2781,7,40,3
2782,7,40,3
2783,7,40,3
2784,6,41,3
2785,6,41,3
2786,6,41,3
2787,6,41,3
2788,6,41,3
2789,6,41,3
2790,6,41,3
2791,6,41,3
2792,6,41,3
2793,6,41,3
2794,6,41,3
2795,6,41,3
2796,6,41,3
2797,6,41,3
2798,6,41,3
2799,6,41,3
2800,6,41,3
2801,6,41,3
2802,6,41,3
2803,6,41,3
2804,6,41,3
2805,6,41,3
2806,6,41,3
2807,6,41,3
2808,6,41,3
2809,6,41,3
2810,6,41,3
2811,6,41,3
2812,6,41,3
2813,6,41,3
2814,6,41,3
2815,6,41,3
2816,6,41,3
2817,6,41,3
2818,6,41,3
2819,6,41,3
2820,6,41,3
2821,6,41,3
2822,6,41,3
2823,6,41,3
2824,6,41,3
2825,6,41,3
2826,6,41,3
2827,6,41,3
2828,6,41,3
2829,6,41,3
2830,6,41,3
2831,6,41,3
2832,6,41,3
2833,6,41,3
2834,6,41,3
2835,6,41,3
2836,6,41,3
2837,6,41,3
2838,6,41,3
2839,6,41,3
2840,6,41,3
2841,6,41,3
2842,6,41,3
2843,6,41,3
2844,6,41,3
2845,6,41,3
2846,6,41,3
2847,6,41,3
2848,6,41,3
2849,6,41,3
2850,6,41,3
2851,6,41,3
2852,6,41,3
2853,6,41,3
2854,6,41,3
2855,6,41,3
2856,6,41,3
2857,6,41,3
2858,6,41,3
2859,6,41,3
2860,6,41,3
2861,6,41,3
2862,5,42,3
2863,5,42,3
2864,5,42,3
2865,5,42,3
2866,5,42,3
2867,5,42,3
2868,5,42,3
2869,5,42,3
2870,5,42,3
2871,5,42,3
2872,5,42,3
2873,5,42,3
2874,5,42,3
2875,5,42,3
2876,5,42,3
2877,5,42,3
2878,5,42,3
2879,5,42,3
2880,5,42,3
2881,5,42,3
2882,5,42,3
2883,5,42,3
2884,5,42,3
2885,5,42,3
2886,5,42,3
2887,5,42,3
2888,5,42,3
2889,5,42,3
2890,5,42,3
2891,5,42,3
2892,5,42,3
2893,5,42,3
2894,5,42,3
2895,5,42,3
2896,5,42,3
2897,5,42,3
2898,5,42,3
2899,5,42,3
2900,5,42,3
2901,5,42,3
2902,5,42,3
2903,5,42,3
2904,5,42,3
2905,5,42,3
2906,5,42,3
2907,5,42,3
2908,5,42,3
2909,5,42,3
2910,5,42,3
2911,5,42,3
2912,5,42,3
2913,5,42,3
2914,5,42,3
2915,5,42,3
2916,5,42,3
2917,5,42,3
2918,5,42,3
2919,5,42,3
2920,5,42,3
2921,5,42,3
2922,5,42,3
2923,5,42,3
2924,5,42,3
2925,5,42,3
2926,5,42,3
2927,5,42,3
2928,5,42,3
2929,5,42,3
2930,5,42,3
2931,5,42,3
2932,5,42,3
2933,5,42,3
2934,5,42,3
2935,5,42,3
2936,5,42,3
2937,5,42,3
2938,5,42,3
2939,5,42,3
2940,5,42,3
2941,5,42,3
2942,5,42,3
2943,5,42,3
2944,5,42,3
2945,5,42,3
2946,5,42,3
2947,5,42,3
2948,4,43,3
2949,4,43,3
2950,4,43,3
2951,4,43,3
2952,4,43,3
2953,4,43,3
2954,4,43,3
2955,4,43,3
2956,4,43,3
2957,4,43,3
2958,4,43,3
2959,4,43,3
2960,4,43,3
2961,4,43,3
2962,4,43,3
2963,4,43,3
2964,4,43,3
2965,4,43,3
2966,4,43,3
2967,4,43,3
2968,4,43,3
2969,4,43,3
2970,4,43,3
2971,4,43,3
2972,4,43,3
2973,4,43,3
2974,4,43,3
2975,4,43,3
2976,4,43,3
2977,4,43,3
2978,4,43,3
2979,4,43,3
2980,4,43,3
2981,4,42,4
2982,4,42,4
2983,4,42,4
2984,4,42,4
2985,4,42,4
2986,4,42,4
2987,4,42,4
2988,4,42,4
2989,3,43,4
2990,3,43,4
2991,3,43,4
2992,3,43,4
2993,3,43,4
2994,3,43,4
2995,3,43,4
2996,3,43,4
2997,3,43,4
2998,3,43,4
2999,3,43,4
3000,3,43,4
3001,3,43,4
3002,3,43,4
3003,3,43,4
3004,3,43,4
3005,3,43,4
3006,3,43,4
3007,3,43,4
3008,3,43,4
3009,3,43,4
3010,3,43,4
3011,3,43,4
3012,3,43,4
3013,3,43,4
3014,3,43,4
3015,3,43,4
3016,3,43,4
3017,3,43,4
3018,3,43,4
3019,3,43,4
3020,3,43,4
3021,3,43,4
3022,3,43,4
3023,3,43,4
3024,3,43,4
3025,3,43,4
3026,3,43,4
3027,3,43,4
3028,3,43,4
3029,3,43,4
3030,3,43,4
3031,3,43,4
3032,3,43,4
3033,3,43,4
3034,3,43,4
3035,3,43,4
3036,3,43,4
3037,3,43,4
3038,3,43,4
3039,3,43,4
3040,3,43,4
3041,3,43,4
3042,3,43,4
3043,3,43,4
3044,3,43,4
3045,3,43,4
3046,3,43,4
3047,3,42,5
3048,3,42,5
3049,3,42,5
3050,3,42,5
3051,3,42,5
3052,3,42,5
3053,3,42,5
3054,3,42,5
3055,3,42,5
3056,3,42,5
3057,3,42,5
3058,3,42,5
3059,3,42,5
3060,3,42,5
3061,3,42,5
3062,3,42,5
3063,3,42,5
3064,3,42,5
3065,3,42,5
3066,3,42,5
3067,3,42,5
3068,3,42,5
3069,3,42,5
3070,3,42,5
3071,3,42,5
3072,3,42,5
3073,3,42,5
3074,3,42,5
3075,3,42,5
3076,3,42,5
3077,3,42,5
3078,3,42,5
3079,3,42,5
3080,3,42,5
3081,3,42,5
3082,3,42,5
3083,3,42,5
3084,3,42,5
3085,3,42,5
3086,3,42,5
3087,3,42,5
3088,3,42,5
3089,3,42,5
3090,3,42,5
3091,3,42,5
3092,3,42,5
3093,3,42,5
3094,3,42,5
3095,3,42,5
3096,3,42,5
3097,3,42,5
3098,3,42,5
3099,3,42,5
3100,3,42,5
3101,3,42,5
3102,3,42,5
3103,3,42,5
3104,3,42,5
3105,3,42,5
3106,3,42,5
3107,3,42,5
3108,3,42,5
3109,3,42,5
3110,3,42,5
3111,3,42,5
3112,3,42,5
3113,3,42,5
3114,3,42,5
3115,3,42,5
3116,3,42,5
3117,3,42,5
3118,3,42,5
3119,3,42,5
3120,3,42,5
3121,3,42,5
3122,3,42,5
3123,3,42,5
3124,3,42,5
3125,3,42,5
3126,3,42,5
3127,3,42,5
3128,3,42,5
3129,3,42,5
3130,3,42,5
3131,3,42,5
3132,3,42,5
3133,3,42,5
3134,3,42,5
3135,3,42,5
3136,3,42,5
3137,3,42,5
3138,3,42,5
3139,3,42,5
3140,3,42,5
3141,3,42,5
3142,3,42,5
3143,3,42,5
3144,3,42,5
3145,3,42,5
3146,3,42,5
3147,3,42,5
3148,3,42,5
3149,2,43,5
3150,2,43,5
3151,2,43,5
3152,2,43,5
3153,2,43,5
3154,2,43,5
3155,2,43,5
3156,2,43,5
3157,2,43,5
3158,2,43,5
3159,2,43,5
3160,2,43,5
3161,2,43,5
3162,2,43,5
3163,2,43,5
3164,2,43,5
3165,2,43,5
3166,2,43,5
3167,2,43,5
3168,2,43,5
3169,2,43,5
3170,2,42,6
3171,2,42,6
3172,2,42,6
3173,2,42,6
3174,2,42,6
3175,2,42,6
3176,1,43,6
3177,1,43,6
3178,1,43,6
3179,1,43,6
3180,1,43,6
3181,1,43,6
3182,1,43,6
3183,1,43,6
3184,1,43,6
3185,1,43,6
3186,1,43,6
3187,1,43,6
3188,1,43,6
3189,1,43,6
3190,1,43,6
3191,1,43,6
3192,1,43,6
3193,1,43,6
3194,1,43,6
3195,1,43,6
3196,1,43,6
3197,1,43,6
3198,1,43,6
3199,1,43,6
3200,1,42,7
3201,1,42,7
3202,1,42,7
3203,1,42,7
3204,1,42,7
3205,1,42,7
3206,1,42,7
3207,1,42,7
3208,1,42,7
3209,1,42,7
3210,1,42,7
3211,1,42,7
3212,1,42,7
3213,1,42,7
3214,1,42,7
3215,1,42,7
3216,1,42,7
3217,1,42,7
3218,1,42,7
3219,1,42,7
3220,1,42,7
3221,1,42,7
3222,1,42,7
3223,1,42,7
3224,1,41,8
3225,1,41,8
3226,1,41,8
3227,1,41,8
3228,1,41,8
3229,1,41,8
3230,1,41,8
3231,1,41,8
3232,1,41,8
3233,1,41,8
3234,1,41,8
3235,1,41,8
3236,1,41,8
3237,1,41,8
3238,1,41,8
3239,1,41,8
3240,1,41,8
3241,1,41,8
3242,1,41,8
3243,1,41,8
3244,1,41,8
3245,1,41,8
3246,1,41,8
3247,1,41,8
3248,1,41,8
3249,1,41,8
3250,1,41,8
3251,1,41,8
3252,1,41,8
3253,1,41,8
3254,1,41,8
3255,1,41,8
3256,1,41,8
3257,1,41,8
3258,1,41,8
3259,1,41,8
3260,1,41,8
3261,1,41,8
3262,1,41,8
3263,1,41,8
3264,1,41,8
3265,1,41,8
3266,1,41,8
3267,1,41,8
3268,1,41,8
3269,1,41,8
3270,1,41,8
3271,1,41,8
3272,1,41,8
3273,1,40,9
3274,1,40,9
3275,1,40,9
3276,1,40,9
3277,1,40,9
3278,1,40,9
3279,1,40,9
3280,1,40,9
3281,1,40,9
3282,1,40,9
3283,1,40,9
3284,1,40,9
3285,1,40,9
3286,1,40,9
3287,1,40,9
3288,1,40,9
3289,1,40,9
3290,1,40,9
3291,1,40,9
3292,1,40,9
3293,1,40,9
3294,1,40,9
3295,1,40,9
3296,1,40,9
3297,1,40,9
3298,1,40,9
3299,1,40,9
3300,1,40,9
3301,1,40,9
3302,1,40,9
3303,1,40,9
3304,1,40,9
3305,1,40,9
3306,1,40,9
3307,1,40,9
3308,1,40,9
3309,1,40,9
3310,1,40,9
3311,1,40,9
3312,1,40,9
3313,1,40,9
3314,1,39,10
3315,1,39,10
3316,1,39,10
3317,1,39,10
3318,1,39,10
3319,1,39,10
3320,1,39,10
3321,1,39,10
3322,1,39,10
3323,1,39,10
3324,1,39,10
3325,1,39,10
3326,1,39,10
3327,1,39,10
3328,1,39,10
3329,1,39,10
3330,1,39,10
3331,1,39,10
3332,1,39,10
3333,1,39,10
3334,1,39,10
3335,1,39,10
3336,1,39,10
3337,1,39,10
3338,1,39,10
3339,1,39,10
3340,1,39,10
3341,1,39,10
3342,1,39,10
3343,1,39,10
3344,1,39,10
3345,1,39,10
3346,1,39,10
3347,1,39,10
3348,1,39,10
3349,1,39,10
3350,1,39,10
3351,1,39,10
3352,1,39,10
3353,1,39,10
3354,1,39,10
3355,1,39,10
3356,1,39,10
3357,1,39,10
3358,1,39,10
3359,1,39,10
3360,1,38,11
3361,1,38,11
3362,1,38,11
3363,1,38,11
3364,1,38,11
3365,1,38,11
3366,1,38,11
3367,1,38,11
3368,1,38,11
3369,1,38,11
3370,1,38,11
3371,1,38,11
3372,1,38,11
3373,1,38,11
3374,1,38,11
3375,1,38,11
3376,1,38,11
3377,1,37,12
3378,1,37,12
3379,1,37,12
3380,1,37,12
3381,1,37,12
3382,1,37,12
3383,1,37,12
3384,1,37,12
3385,1,37,12
3386,1,37,12
3387,1,37,12
3388,1,37,12
3389,1,37,12
3390,1,37,12
3391,1,37,12
3392,1,37,12
3393,1,37,12
3394,1,37,12
3395,1,37,12
3396,1,37,12
3397,1,37,12
3398,1,37,12
3399,1,37,12
3400,1,37,12
3401,1,37,12
3402,1,37,12
3403,1,37,12
3404,1,37,12
3405,1,37,12
3406,1,37,12
3407,1,37,12
3408,1,37,12
3409,1,37,12
3410,1,37,12
3411,1,37,12
3412,1,37,12
3413,1,37,12
3414,1,37,12
3415,1,37,12
3416,1,37,12
3417,1,37,12
3418,1,37,12
3419,1,37,12
3420,1,37,12
3421,1,37,12
3422,1,37,12
3423,1,37,12
3424,1,37,12
3425,1,37,12
3426,1,37,12
3427,1,37,12
3428,1,37,12
3429,1,37,12
3430,1,37,12
3431,1,37,12
3432,1,37,12
3433,1,37,12
3434,1,37,12
3435,1,37,12
3436,1,37,12
3437,1,37,12
3438,1,37,12
3439,1,37,12
3440,1,37,12
3441,1,37,12
3442,1,37,12
3443,1,37,12
3444,1,37,12
3445,1,37,12
3446,1,37,12
3447,1,37,12
3448,1,37,12
3449,1,37,12
3450,1,37,12
3451,1,37,12
3452,1,37,12
3453,1,37,12
3454,1,37,12
3455,1,37,12
3456,1,37,12
3457,1,37,12
3458,1,37,12
3459,1,37,12
3460,1,37,12
3461,1,37,12
3462,1,37,12
3463,1,37,12
3464,1,37,12
3465,1,37,12
3466,1,37,12
3467,1,37,12
3468,1,37,12
3469,1,37,12
3470,1,37,12
3471,1,37,12
3472,1,37,12
3473,1,37,12
3474,1,37,12
3475,1,37,12
3476,1,37,12
3477,1,37,12
3478,1,37,12
3479,1,37,12
3480,1,37,12
3481,1,37,12
3482,1,37,12
3483,1,37,12
3484,1,37,12
3485,1,37,12
3486,1,37,12
3487,1,37,12
3488,1,37,12
3489,1,37,12
3490,1,37,12
3491,1,37,12
3492,1,37,12
3493,1,37,12
3494,1,37,12
3495,1,37,12
3496,1,37,12
3497,1,37,12
3498,1,37,12
3499,1,37,12
3500,1,36,13
3501,1,36,13
3502,1,36,13
3503,1,36,13
3504,1,36,13
3505,1,36,13
3506,1,36,13
3507,1,36,13
3508,1,36,13
3509,1,36,13
3510,1,36,13
3511,1,36,13
3512,1,35,14
3513,1,35,14
3514,1,35,14
3515,1,35,14
3516,1,35,14
3517,1,35,14
3518,1,35,14
3519,1,35,14
3520,1,35,14
3521,1,35,14
3522,1,35,14
3523,1,35,14
3524,1,35,14
3525,1,35,14
3526,1,35,14
3527,1,35,14
3528,1,35,14
3529,1,35,14
3530,1,35,14
3531,1,35,14
3532,1,35,14
3533,1,34,15
3534,1,34,15
3535,1,34,15
3536,1,34,15
3537,1,33,16
3538,1,33,16
3539,1,33,16
3540,1,33,16
3541,1,32,17
3542,1,32,17
3543,1,32,17
3544,1,32,17
3545,1,32,17
3546,1,32,17
3547,1,32,17
3548,1,32,17
3549,1,32,17
3550,1,32,17
3551,1,32,17
3552,1,32,17
3553,1,32,17
3554,1,32,17
3555,1,32,17
3556,1,32,17
3557,1,32,17
3558,1,32,17
3559,1,32,17
3560,1,32,17
3561,1,32,17
3562,1,32,17
3563,1,32,17
3564,1,32,17
3565,1,32,17
3566,1,32,17
3567,1,32,17
3568,1,31,18
3569,1,31,18
3570,1,31,18
3571,1,31,18
3572,1,31,18
3573,1,31,18
3574,1,31,18
3575,1,31,18
3576,1,31,18
3577,1,31,18
3578,1,31,18
3579,1,31,18
3580,1,31,18
3581,1,31,18
3582,1,31,18
3583,1,31,18
3584,1,31,18
3585,1,31,18
3586,1,31,18
3587,1,31,18
3588,1,31,18
3589,1,31,18
3590,1,31,18
3591,1,31,18
3592,1,31,18
3593,1,31,18
3594,1,31,18
3595,1,31,18
3596,1,31,18
3597,1,31,18
3598,1,31,18
3599,1,31,18
3600,1,31,18
3601,1,31,18
3602,1,31,18
3603,1,31,18
3604,1,31,18
3605,1,31,18
3606,1,31,18
3607,1,31,18
3608,1,31,18
3609,1,30,19
3610,1,30,19
3611,1,30,19
3612,1,30,19
3613,1,30,19
3614,1,30,19
3615,1,29,20
3616,1,29,20
3617,1,29,20
3618,1,29,20
3619,1,29,20
3620,1,29,20
3621,1,29,20
3622,1,29,20
3623,1,29,20
3624,1,29,20
3625,1,29,20
3626,1,29,20
3627,1,29,20
3628,1,29,20
3629,1,29,20
3630,1,29,20
3631,1,29,20
3632,1,29,20
3633,1,29,20
3634,1,29,20
3635,1,29,20
3636,1,29,20
3637,1,29,20
3638,1,29,20
3639,1,29,20
3640,1,29,20
3641,1,29,20
3642,1,29,20
3643,1,29,20
3644,1,29,20
3645,1,29,20
3646,1,29,20
3647,1,29,20
3648,1,29,20
3649,1,29,20
3650,1,29,20
3651,1,29,20
3652,1,29,20
3653,1,29,20
3654,1,29,20
3655,1,29,20
3656,1,29,20
3657,1,29,20
3658,1,29,20
3659,1,29,20
3660,1,29,20
3661,1,29,20
3662,1,29,20
3663,1,29,20
3664,1,29,20
3665,1,29,20
3666,1,29,20
3667,1,29,20
3668,1,29,20
3669,1,28,21
3670,1,28,21
3671,1,28,21
3672,1,28,21
3673,1,28,21
3674,1,28,21
3675,1,28,21
3676,1,28,21
3677,1,28,21
3678,1,28,21
3679,1,28,21
3680,1,28,21
3681,1,28,21
3682,1,28,21
3683,1,28,21
3684,1,28,21
3685,1,28,21
3686,1,28,21
3687,1,28,21
3688,1,28,21
3689,1,28,21
3690,1,28,21
3691,1,28,21
3692,1,28,21
3693,1,28,21
3694,1,27,22
3695,1,27,22
3696,1,27,22
3697,1,27,22
3698,1,27,22
3699,1,27,22
3700,1,27,22
3701,1,27,22
3702,1,27,22
3703,1,27,22
3704,1,27,22
3705,1,27,22
3706,1,27,22
3707,1,26,23
3708,1,26,23
3709,1,26,23
3710,1,26,23
3711,1,26,23
3712,1,26,23
3713,1,26,23
3714,1,26,23
3715,1,26,23
3716,1,26,23
3717,1,25,24
3718,1,25,24
3719,1,25,24
3720,1,25,24
3721,1,25,24
3722,1,25,24
3723,1,25,24
3724,1,25,24
3725,1,25,24
3726,1,25,24
3727,1,25,24
3728,1,25,24
3729,1,25,24
3730,1,25,24
3731,1,25,24
3732,1,25,24
3733,1,25,24
3734,1,25,24
3735,1,25,24
3736,1,25,24
3737,1,25,24
3738,1,25,24
3739,1,25,24
3740,0,26,24
3741,0,26,24
3742,0,26,24
3743,0,26,24
3744,0,26,24
3745,0,26,24
3746,0,26,24
3747,0,26,24
3748,0,26,24
3749,0,26,24
3750,0,26,24
3751,0,26,24
3752,0,26,24
3753,0,26,24
3754,0,26,24
3755,0,26,24
3756,0,26,24
3757,0,26,24
3758,0,26,24
3759,0,26,24
3760,0,26,24
3761,0,26,24
3762,0,26,24
3763,0,26,24
3764,0,26,24
3765,0,26,24
3766,0,26,24
3767,0,26,24
3768,0,26,24
3769,0,26,24
3770,0,26,24
3771,0,26,24
3772,0,26,24
3773,0,26,24
3774,0,26,24
3775,0,26,24
3776,0,26,24
3777,0,26,24
3778,0,26,24
3779,0,26,24
3780,0,26,24
3781,0,26,24
3782,0,26,24
3783,0,26,24
3784,0,26,24
3785,0,26,24
3786,0,26,24
3787,0,26,24
3788,0,26,24
3789,0,26,24
3790,0,26,24
3791,0,26,24
3792,0,26,24
3793,0,26,24
3794,0,26,24
3795,0,26,24
3796,0,26,24
3797,0,26,24
3798,0,26,24
3799,0,26,24
3800,0,26,24
3801,0,26,24
3802,0,26,24
3803,0,26,24
3804,0,26,24
3805,0,26,24
3806,0,26,24
3807,0,26,24
3808,0,26,24
3809,0,26,24
3810,0,26,24
3811,0,26,24
3812,0,26,24
3813,0,26,24
3814,0,26,24
3815,0,26,24
3816,0,26,24
3817,0,26,24
3818,0,26,24
3819,0,26,24
3820,0,26,24
3821,0,26,24
3822,0,26,24
3823,0,26,24
3824,0,26,24
3825,0,26,24
3826,0,26,24
3827,0,26,24
3828,0,26,24
3829,0,26,24
3830,0,26,24
3831,0,26,24
3832,0,26,24
3833,0,26,24
3834,0,26,24
3835,0,26,24
3836,0,26,24
3837,0,26,24
3838,0,26,24
3839,0,26,24
3840,0,26,24
3841,0,26,24
3842,0,26,24
3843,0,26,24
3844,0,26,24
3845,0,26,24
3846,0,26,24
3847,0,26,24
3848,0,26,24
3849,0,26,24
3850,0,26,24
3851,0,26,24
3852,0,26,24
3853,0,26,24
3854,0,26,24
3855,0,26,24
3856,0,26,24
3857,0,26,24
3858,0,26,24
3859,0,26,24
3860,0,26,24
3861,0,26,24
3862,0,26,24
3863,0,26,24
3864,0,26,24
3865,0,26,24
3866,0,26,24
3867,0,26,24
3868,0,26,24
3869,0,26,24
3870,0,26,24
3871,0,26,24
3872,0,26,24
3873,0,26,24
3874,0,26,24
3875,0,26,24
3876,0,26,24
3877,0,26,24
3878,0,26,24
3879,0,26,24
3880,0,26,24
3881,0,26,24
3882,0,26,24
3883,0,26,24
3884,0,26,24
3885,0,26,24
3886,0,26,24
3887,0,26,24
3888,0,26,24
3889,0,26,24
3890,0,26,24
3891,0,26,24
3892,0,26,24
3893,0,26,24
3894,0,26,24
3895,0,26,24
3896,0,26,24
3897,0,26,24
3898,0,26,24
3899,0,26,24
3900,0,26,24
3901,0,26,24
3902,0,26,24
3903,0,26,24
3904,0,26,24
3905,0,26,24
3906,0,26,24
3907,0,26,24
3908,0,26,24
3909,0,26,24
3910,0,26,24
3911,0,26,24
3912,0,26,24
3913,0,26,24
3914,0,26,24
3915,0,26,24
3916,0,26,24
3917,0,26,24
3918,0,26,24
3919,0,26,24
3920,0,26,24
3921,0,26,24
3922,0,26,24
3923,0,26,24
3924,0,26,24
3925,0,26,24
3926,0,26,24
3927,0,26,24
3928,0,26,24
3929,0,26,24
3930,0,26,24
3931,0,26,24
3932,0,26,24
3933,0,26,24
3934,0,26,24
3935,0,26,24
3936,0,25,25
3937,0,25,25
3938,0,25,25
3939,0,25,25
3940,0,25,25
3941,0,25,25
3942,0,25,25
3943,0,25,25
3944,0,25,25
3945,0,25,25
3946,0,25,25
3947,0,25,25
3948,0,25,25
3949,0,25,25
3950,0,25,25
3951,0,25,25
3952,0,25,25
3953,0,25,25
3954,0,25,25
3955,0,25,25
3956,0,25,25
3957,0,25,25
3958,0,25,25
3959,0,25,25
3960,0,25,25
3961,0,25,25
3962,0,25,25
3963,0,25,25
3964,0,25,25
3965,0,25,25
3966,0,25,25
3967,0,25,25
3968,0,25,25
3969,0,25,25
3970,0,25,25
3971,0,25,25
3972,0,25,25
3973,0,25,25
3974,0,25,25
3975,0,25,25
3976,0,25,25
3977,0,25,25
3978,0,25,25
3979,0,25,25
3980,0,25,25
3981,0,25,25
3982,0,25,25
3983,0,25,25
3984,0,25,25
3985,0,25,25
3986,0,25,25
3987,0,25,25
3988,0,25,25
3989,0,25,25
3990,0,25,25
3991,0,25,25
3992,0,25,25
3993,0,25,25
3994,0,25,25
3995,0,25,25
3996,0,25,25
3997,0,25,25
3998,0,25,25
3999,0,25,25
4000,0,25,25
4001,0,25,25
4002,0,25,25
4003,0,25,25
4004,0,25,25
4005,0,25,25
4006,0,25,25
4007,0,25,25
4008,0,25,25
4009,0,25,25
4010,0,25,25
4011,0,25,25
4012,0,25,25
4013,0,25,25
4014,0,25,25
4015,0,25,25
4016,0,25,25
4017,0,25,25
4018,0,25,25
4019,0,25,25
4020,0,25,25
4021,0,25,25
4022,0,25,25
4023,0,25,25
4024,0,24,26
4025,0,24,26
4026,0,24,26
4027,0,24,26
4028,0,24,26
4029,0,24,26
4030,0,24,26
4031,0,24,26
4032,0,24,26
4033,0,24,26
4034,0,24,26
4035,0,24,26
4036,0,24,26
4037,0,24,26
4038,0,24,26
4039,0,24,26
4040,0,24,26
4041,0,24,26
4042,0,24,26
4043,0,24,26
4044,0,24,26
4045,0,24,26
4046,0,24,26
4047,0,24,26
4048,0,24,26
4049,0,24,26
4050,0,24,26
4051,0,24,26
4052,0,24,26
4053,0,24,26
4054,0,24,26
4055,0,24,26
4056,0,24,26
4057,0,24,26
4058,0,24,26
4059,0,24,26
4060,0,24,26
4061,0,24,26
4062,0,24,26
4063,0,24,26
4064,0,24,26
4065,0,24,26
4066,0,24,26
4067,0,24,26
4068,0,24,26
4069,0,24,26
4070,0,24,26
4071,0,24,26
4072,0,24,26
4073,0,24,26
4074,0,24,26
4075,0,24,26
4076,0,24,26
4077,0,24,26
4078,0,24,26
4079,0,24,26
4080,0,24,26
4081,0,24,26
4082,0,24,26
4083,0,24,26
4084,0,24,26
4085,0,24,26
4086,0,24,26
4087,0,24,26
4088,0,24,26
4089,0,24,26
4090,0,24,26
4091,0,24,26
4092,0,24,26
4093,0,24,26
4094,0,24,26
4095,0,24,26
4096,0,24,26
4097,0,24,26
4098,0,24,26
4099,0,24,26
4100,0,24,26
4101,0,24,26
4102,0,24,26
4103,0,24,26
4104,0,24,26
4105,0,24,26
4106,0,24,26
4107,0,24,26
4108,0,24,26
4109,0,24,26
4110,0,24,26
4111,0,24,26
4112,0,24,26
4113,0,24,26
4114,0,24,26
4115,0,24,26
4116,0,24,26
4117,0,24,26
4118,0,24,26
4119,0,24,26
4120,0,24,26
4121,0,24,26
4122,0,24,26
4123,0,24,26
4124,0,24,26
4125,0,24,26
4126,0,24,26
4127,0,24,26
4128,0,24,26
4129,0,24,26
4130,0,24,26
4131,0,24,26
4132,0,24,26
4133,0,24,26
4134,0,24,26
4135,0,24,26
4136,0,24,26
4137,0,24,26
4138,0,24,26
4139,0,24,26
4140,0,23,27
4141,0,23,27
4142,0,23,27
4143,0,23,27
4144,0,23,27
4145,0,23,27
4146,0,23,27
4147,0,23,27
4148,0,23,27
4149,0,23,27
4150,0,23,27
4151,0,23,27
4152,0,23,27
4153,0,23,27
4154,0,23,27
4155,0,23,27
4156,0,23,27
4157,0,23,27
4158,0,23,27
4159,0,23,27
4160,0,23,27
4161,0,23,27
4162,0,23,27
4163,0,23,27
4164,0,23,27
4165,0,23,27
4166,0,23,27
4167,0,23,27
4168,0,23,27
4169,0,23,27
4170,0,23,27
4171,0,23,27
4172,0,23,27
4173,0,23,27
4174,0,23,27
4175,0,23,27
4176,0,23,27
4177,0,23,27
4178,0,23,27
4179,0,23,27
4180,0,23,27
4181,0,23,27
4182,0,23,27
4183,0,23,27
4184,0,23,27
4185,0,23,27
4186,0,23,27
4187,0,23,27
4188,0,23,27
4189,0,23,27
4190,0,23,27
4191,0,23,27
4192,0,23,27
4193,0,23,27
4194,0,23,27
4195,0,23,27
4196,0,23,27
4197,0,23,27
4198,0,23,27
4199,0,23,27
4200,0,23,27
4201,0,23,27
4202,0,23,27
4203,0,23,27
4204,0,23,27
4205,0,23,27
4206,0,23,27
4207,0,23,27
4208,0,23,27
4209,0,23,27
4210,0,23,27
4211,0,23,27
4212,0,23,27
4213,0,23,27
4214,0,23,27
4215,0,23,27
4216,0,23,27
4217,0,23,27
4218,0,23,27
4219,0,23,27
4220,0,23,27
4221,0,23,27
4222,0,23,27
4223,0,23,27
4224,0,23,27
4225,0,23,27
4226,0,23,27
4227,0,23,27
4228,0,23,27
4229,0,23,27
4230,0,23,27
4231,0,23,27
4232,0,23,27
4233,0,23,27
4234,0,23,27
4235,0,23,27
4236,0,23,27
4237,0,23,27
4238,0,23,27
4239,0,23,27
4240,0,23,27
4241,0,23,27
4242,0,23,27
4243,0,23,27
4244,0,23,27
4245,0,23,27
4246,0,23,27
4247,0,23,27
4248,0,23,27
4249,0,23,27
4250,0,23,27
4251,0,23,27
4252,0,23,27
4253,0,23,27
4254,0,23,27
4255,0,23,27
4256,0,23,27
4257,0,23,27
4258,0,23,27
4259,0,23,27
4260,0,23,27
4261,0,23,27
4262,0,23,27
4263,0,23,27
4264,0,23,27
4265,0,23,27
4266,0,23,27
4267,0,23,27
4268,0,23,27
4269,0,23,27
4270,0,23,27
4271,0,23,27
4272,0,23,27
4273,0,23,27
4274,0,23,27
4275,0,23,27
4276,0,23,27
4277,0,23,27
4278,0,23,27
4279,0,23,27
4280,0,23,27
4281,0,23,27
4282,0,23,27
4283,0,23,27
4284,0,23,27
4285,0,23,27
4286,0,23,27
4287,0,23,27
4288,0,23,27
4289,0,23,27
4290,0,23,27
4291,0,22,28
4292,0,22,28
4293,0,22,28
4294,0,22,28
4295,0,22,28
4296,0,21,29
4297,0,21,29
4298,0,21,29
4299,0,21,29
4300,0,21,29
4301,0,21,29
4302,0,21,29
4303,0,21,29
4304,0,21,29
4305,0,21,29
4306,0,21,29
4307,0,21,29
4308,0,21,29
4309,0,21,29
4310,0,21,29
4311,0,21,29
4312,0,21,29
4313,0,21,29
4314,0,21,29
4315,0,21,29
4316,0,21,29
4317,0,21,29
4318,0,21,29
4319,0,21,29
4320,0,21,29
4321,0,21,29
4322,0,21,29
4323,0,21,29
4324,0,21,29
4325,0,21,29
4326,0,21,29
4327,0,21,29
4328,0,21,29
4329,0,21,29
4330,0,21,29
4331,0,21,29
4332,0,21,29
4333,0,21,29
4334,0,21,29
4335,0,21,29
4336,0,21,29
4337,0,21,29
4338,0,21,29
4339,0,21,29
4340,0,21,29
4341,0,21,29
4342,0,21,29
4343,0,21,29
4344,0,21,29
4345,0,21,29
4346,0,21,29
4347,0,21,29
4348,0,21,29
4349,0,21,29
4350,0,21,29
4351,0,21,29
4352,0,20,30
4353,0,20,30
4354,0,20,30
4355,0,20,30
4356,0,20,30
4357,0,20,30
4358,0,20,30
4359,0,20,30
4360,0,20,30
4361,0,20,30
4362,0,20,30
4363,0,20,30
4364,0,20,30
4365,0,20,30
4366,0,20,30
4367,0,20,30
4368,0,20,30
4369,0,20,30
4370,0,20,30
4371,0,20,30
4372,0,20,30
4373,0,20,30
4374,0,20,30
4375,0,20,30
4376,0,20,30
4377,0,20,30
4378,0,19,31
4379,0,19,31
4380,0,19,31
4381,0,19,31
4382,0,19,31
4383,0,19,31
4384,0,19,31
4385,0,19,31
4386,0,19,31
4387,0,19,31
4388,0,19,31
4389,0,19,31
4390,0,19,31
4391,0,19,31
4392,0,19,31
4393,0,19,31
4394,0,19,31
4395,0,19,31
4396,0,19,31
4397,0,19,31
4398,0,19,31
4399,0,19,31
4400,0,18,32
4401,0,18,32
4402,0,18,32
4403,0,18,32
4404,0,18,32
4405,0,18,32
4406,0,18,32
4407,0,18,32
4408,0,18,32
4409,0,18,32
4410,0,18,32
4411,0,18,32
4412,0,18,32
4413,0,18,32
4414,0,18,32
4415,0,18,32
4416,0,18,32
4417,0,18,32
4418,0,18,32
4419,0,18,32
4420,0,18,32
4421,0,18,32
4422,0,18,32
4423,0,18,32
4424,0,18,32
4425,0,18,32
4426,0,18,32
4427,0,18,32
4428,0,18,32
4429,0,18,32
4430,0,18,32
4431,0,18,32
4432,0,18,32
4433,0,18,32
4434,0,18,32
4435,0,18,32
4436,0,18,32
4437,0,18,32
4438,0,18,32
4439,0,18,32
4440,0,18,32
4441,0,18,32
4442,0,18,32
4443,0,18,32
4444,0,18,32
4445,0,18,32
4446,0,18,32
4447,0,18,32
4448,0,18,32
4449,0,18,32
4450,0,18,32
4451,0,18,32
4452,0,18,32
4453,0,18,32
4454,0,18,32
4455,0,18,32
4456,0,18,32
4457,0,18,32
4458,0,18,32
4459,0,18,32
4460,0,18,32
4461,0,18,32
4462,0,18,32
4463,0,18,32
4464,0,18,32
4465,0,18,32
4466,0,17,33
4467,0,17,33
4468,0,17,33
4469,0,17,33
4470,0,17,33
4471,0,17,33
4472,0,17,33
4473,0,17,33
4474,0,17,33
4475,0,17,33
4476,0,17,33
4477,0,17,33
4478,0,17,33
4479,0,17,33
4480,0,17,33
4481,0,17,33
4482,0,17,33
4483,0,17,33
4484,0,17,33
4485,0,17,33
4486,0,17,33
4487,0,17,33
4488,0,17,33
4489,0,17,33
4490,0,17,33
4491,0,17,33
4492,0,17,33
4493,0,17,33
4494,0,17,33
4495,0,17,33
4496,0,17,33
4497,0,17,33
4498,0,17,33
4499,0,17,33
4500,0,17,33
4501,0,17,33
4502,0,17,33
4503,0,17,33
4504,0,17,33
4505,0,17,33
4506,0,17,33
4507,0,17,33
4508,0,17,33
4509,0,17,33
4510,0,17,33
4511,0,17,33
4512,0,17,33
4513,0,17,33
4514,0,17,33
4515,0,17,33
4516,0,17,33
4517,0,17,33
4518,0,17,33
4519,0,17,33
4520,0,17,33
4521,0,17,33
4522,0,17,33
4523,0,17,33
4524,0,17,33
4525,0,17,33
4526,0,17,33
4527,0,17,33
4528,0,17,33
4529,0,17,33
4530,0,17,33
4531,0,17,33
4532,0,17,33
4533,0,17,33
4534,0,17,33
4535,0,17,33
4536,0,17,33
4537,0,17,33
4538,0,17,33
4539,0,17,33
4540,0,17,33
4541,0,17,33
4542,0,17,33
4543,0,17,33
4544,0,17,33
4545,0,17,33
4546,0,17,33
4547,0,17,33
4548,0,17,33
4549,0,17,33
4550,0,17,33
4551,0,17,33
4552,0,17,33
4553,0,17,33
4554,0,17,33
4555,0,17,33
4556,0,17,33
4557,0,17,33
4558,0,17,33
4559,0,17,33
4560,0,17,33
4561,0,17,33
4562,0,17,33
4563,0,17,33
4564,0,17,33
4565,0,17,33
4566,0,17,33
4567,0,17,33
4568,0,17,33
4569,0,17,33
4570,0,17,33
4571,0,17,33
4572,0,17,33
4573,0,17,33
4574,0,17,33
4575,0,17,33
4576,0,17,33
4577,0,17,33
4578,0,17,33
4579,0,17,33
4580,0,17,33
4581,0,17,33
4582,0,17,33
4583,0,17,33
4584,0,17,33
4585,0,17,33
4586,0,17,33
4587,0,17,33
4588,0,17,33
4589,0,17,33
4590,0,17,33
4591,0,17,33
4592,0,17,33
4593,0,17,33
4594,0,17,33
4595,0,17,33
4596,0,17,33
4597,0,17,33
4598,0,17,33
4599,0,17,33
4600,0,17,33
4601,0,17,33
4602,0,17,33
4603,0,17,33
4604,0,17,33
4605,0,17,33
4606,0,17,33
4607,0,17,33
4608,0,17,33
4609,0,17,33
4610,0,17,33
4611,0,17,33
4612,0,17,33
4613,0,17,33
4614,0,17,33
4615,0,17,33
4616,0,17,33
4617,0,17,33
4618,0,17,33
4619,0,17,33
4620,0,17,33
4621,0,17,33
4622,0,17,33
4623,0,17,33
4624,0,17,33
4625,0,17,33
4626,0,17,33
4627,0,17,33
4628,0,17,33
4629,0,17,33
4630,0,17,33
4631,0,17,33
4632,0,17,33
4633,0,17,33
4634,0,17,33
4635,0,17,33
4636,0,17,33
4637,0,17,33
4638,0,17,33
4639,0,17,33
4640,0,17,33
4641,0,17,33
4642,0,17,33
4643,0,17,33
4644,0,17,33
4645,0,17,33
4646,0,17,33
4647,0,17,33
4648,0,17,33
4649,0,17,33
4650,0,17,33
4651,0,17,33
4652,0,17,33
4653,0,17,33
4654,0,17,33
4655,0,17,33
4656,0,17,33
4657,0,17,33
4658,0,17,33
4659,0,17,33
4660,0,17,33
4661,0,17,33
4662,0,17,33
4663,0,17,33
4664,0,17,33
4665,0,17,33
4666,0,17,33
4667,0,17,33
4668,0,16,34
4669,0,16,34
4670,0,16,34
4671,0,16,34
4672,0,16,34
4673,0,16,34
4674,0,16,34
4675,0,16,34
4676,0,16,34
4677,0,15,35
4678,0,15,35
4679,0,15,35
4680,0,15,35
4681,0,15,35
4682,0,15,35
4683,0,15,35
4684,0,15,35
4685,0,15,35
4686,0,15,35
4687,0,15,35
4688,0,15,35
4689,0,15,35
4690,0,15,35
4691,0,15,35
4692,0,15,35
4693,0,15,35
4694,0,15,35
4695,0,15,35
4696,0,15,35
4697,0,15,35
4698,0,15,35
4699,0,15,35
4700,0,15,35
4701,0,15,35
4702,0,15,35
4703,0,15,35
4704,0,15,35
4705,0,15,35
4706,0,15,35
4707,0,15,35
4708,0,15,35
4709,0,15,35
4710,0,15,35
4711,0,15,35
4712,0,15,35
4713,0,15,35
4714,0,15,35
4715,0,15,35
4716,0,15,35
4717,0,15,35
4718,0,15,35
4719,0,15,35
4720,0,15,35
4721,0,15,35
4722,0,15,35
4723,0,15,35
4724,0,15,35
4725,0,15,35
4726,0,15,35
4727,0,15,35
4728,0,15,35
4729,0,15,35
4730,0,15,35
4731,0,15,35
4732,0,15,35
4733,0,15,35
4734,0,15,35
4735,0,15,35
4736,0,15,35
4737,0,15,35
4738,0,15,35
4739,0,15,35
4740,0,15,35
4741,0,15,35
4742,0,15,35
4743,0,15,35
4744,0,15,35
4745,0,15,35
4746,0,15,35
4747,0,15,35
4748,0,15,35
4749,0,15,35
4750,0,15,35
4751,0,15,35
4752,0,15,35
4753,0,15,35
4754,0,15,35
4755,0,15,35
4756,0,15,35
4757,0,15,35
4758,0,15,35
4759,0,15,35
4760,0,14,36
4761,0,14,36
4762,0,14,36
4763,0,14,36
4764,0,14,36
4765,0,14,36
4766,0,14,36
4767,0,14,36
4768,0,14,36
4769,0,14,36
4770,0,14,36
4771,0,14,36
4772,0,14,36
4773,0,14,36
4774,0,14,36
4775,0,14,36
4776,0,14,36
4777,0,14,36
4778,0,14,36
4779,0,14,36
4780,0,14,36
4781,0,14,36
4782,0,13,37
4783,0,13,37
4784,0,13,37
4785,0,13,37
4786,0,13,37
4787,0,13,37
4788,0,13,37
4789,0,13,37
4790,0,13,37
4791,0,13,37
4792,0,13,37
4793,0,13,37
4794,0,13,37
4795,0,13,37
4796,0,13,37
4797,0,13,37
4798,0,13,37
4799,0,13,37
4800,0,13,37
4801,0,13,37
4802,0,13,37
4803,0,13,37
4804,0,13,37
4805,0,13,37
4806,0,13,37
4807,0,13,37
4808,0,13,37
4809,0,13,37
4810,0,13,37
4811,0,12,38
4812,0,12,38
4813,0,12,38
4814,0,12,38
4815,0,12,38
4816,0,12,38
4817,0,12,38
4818,0,12,38
4819,0,12,38
4820,0,12,38
4821,0,12,38
4822,0,12,38
4823,0,12,38
4824,0,12,38
4825,0,12,38
4826,0,12,38
4827,0,12,38
4828,0,12,38
4829,0,12,38
4830,0,12,38
4831,0,12,38
4832,0,12,38
4833,0,12,38
4834,0,12,38
4835,0,12,38
4836,0,12,38
4837,0,12,38
4838,0,12,38
4839,0,12,38
4840,0,12,38
4841,0,12,38
4842,0,12,38
4843,0,12,38
4844,0,12,38
4845,0,12,38
4846,0,12,38
4847,0,12,38
4848,0,12,38
4849,0,12,38
4850,0,12,38
4851,0,12,38
4852,0,12,38
4853,0,12,38
4854,0,11,39
4855,0,11,39
4856,0,11,39
4857,0,11,39
4858,0,11,39
4859,0,11,39
4860,0,11,39
4861,0,11,39
4862,0,11,39
4863,0,11,39
4864,0,11,39
4865,0,10,40
4866,0,10,40
4867,0,10,40
4868,0,10,40
4869,0,10,40
4870,0,10,40
4871,0,10,40
4872,0,10,40
4873,0,10,40
4874,0,10,40
4875,0,10,40
4876,0,10,40
4877,0,10,40
4878,0,10,40
4879,0,10,40
4880,0,10,40
4881,0,10,40
4882,0,10,40
4883,0,10,40
4884,0,10,40
4885,0,10,40
4886,0,10,40
4887,0,10,40
4888,0,10,40
4889,0,10,40
4890,0,10,40
4891,0,10,40
4892,0,10,40
4893,0,10,40
4894,0,10,40
4895,0,10,40
4896,0,10,40
4897,0,10,40
4898,0,10,40
4899,0,10,40
4900,0,10,40
4901,0,10,40
4902,0,10,40
4903,0,10,40
4904,0,10,40
4905,0,10,40
4906,0,10,40
4907,0,10,40
4908,0,10,40
4909,0,10,40
4910,0,10,40
4911,0,10,40
4912,0,10,40
4913,0,10,40
4914,0,10,40
4915,0,10,40
4916,0,10,40
4917,0,10,40
4918,0,10,40
4919,0,10,40
4920,0,10,40
4921,0,10,40
4922,0,10,40
4923,0,10,40
4924,0,10,40
4925,0,10,40
4926,0,10,40
4927,0,10,40
4928,0,10,40
4929,0,10,40
4930,0,10,40
4931,0,10,40
4932,0,10,40
4933,0,10,40
4934,0,10,40
4935,0,10,40
4936,0,10,40
4937,0,10,40
4938,0,10,40
4939,0,10,40
4940,0,10,40
4941,0,10,40
4942,0,10,40
4943,0,10,40
4944,0,10,40
4945,0,10,40
4946,0,10,40
4947,0,10,40
4948,0,10,40
4949,0,10,40
4950,0,10,40
4951,0,10,40
4952,0,10,40
4953,0,10,40
4954,0,10,40
4955,0,10,40
4956,0,10,40
4957,0,10,40
4958,0,10,40
4959,0,10,40
4960,0,10,40
4961,0,10,40
4962,0,10,40
4963,0,10,40
4964,0,10,40
4965,0,10,40
4966,0,10,40
4967,0,10,40
4968,0,10,40
4969,0,10,40
4970,0,10,40
4971,0,10,40
4972,0,10,40
4973,0,10,40
4974,0,10,40
4975,0,10,40
4976,0,10,40
4977,0,10,40
4978,0,10,40
4979,0,10,40
4980,0,10,40
4981,0,10,40
4982,0,10,40
4983,0,10,40
4984,0,10,40
4985,0,10,40
4986,0,10,40
4987,0,10,40
4988,0,10,40
4989,0,10,40
4990,0,10,40
4991,0,10,40
4992,0,10,40
4993,0,10,40
4994,0,9,41
4995,0,9,41
4996,0,9,41
4997,0,9,41
4998,0,9,41
4999,0,9,41
5000,0,9,41
5001,0,9,41
5002,0,9,41
5003,0,9,41
5004,0,9,41
5005,0,9,41
5006,0,9,41
5007,0,9,41
5008,0,9,41
5009,0,9,41
5010,0,9,41
5011,0,9,41
5012,0,9,41
5013,0,9,41
5014,0,9,41
5015,0,9,41
5016,0,9,41
5017,0,9,41
5018,0,9,41
5019,0,9,41
5020,0,9,41
5021,0,9,41
5022,0,9,41
5023,0,9,41
5024,0,9,41
5025,0,9,41
5026,0,9,41
5027,0,9,41
5028,0,9,41
5029,0,9,41
5030,0,9,41
5031,0,9,41
5032,0,9,41
5033,0,9,41
5034,0,9,41
5035,0,9,41
5036,0,9,41
5037,0,9,41
5038,0,9,41
5039,0,9,41
5040,0,9,41
5041,0,9,41
5042,0,9,41
5043,0,9,41
5044,0,9,41
5045,0,9,41
5046,0,9,41
5047,0,9,41
5048,0,9,41
5049,0,9,41
5050,0,9,41
5051,0,9,41
5052,0,9,41
5053,0,9,41
5054,0,9,41
5055,0,9,41
5056,0,9,41
5057,0,9,41
5058,0,9,41
5059,0,9,41
5060,0,9,41
5061,0,9,41
5062,0,9,41
5063,0,9,41
5064,0,9,41
5065,0,9,41
5066,0,9,41
5067,0,9,41
5068,0,9,41
5069,0,9,41
5070,0,9,41
5071,0,9,41
5072,0,9,41
5073,0,9,41
5074,0,9,41
5075,0,9,41
5076,0,9,41
5077,0,9,41
5078,0,9,41
5079,0,9,41
5080,0,9,41
5081,0,9,41
5082,0,9,41
5083,0,9,41
5084,0,9,41
5085,0,9,41
5086,0,9,41
5087,0,9,41
5088,0,9,41
5089,0,9,41
5090,0,9,41
5091,0,9,41
5092,0,9,41
5093,0,9,41
5094,0,9,41
5095,0,9,41
5096,0,9,41
5097,0,9,41
5098,0,9,41
5099,0,9,41
5100,0,9,41
5101,0,9,41
5102,0,9,41
5103,0,9,41
5104,0,9,41
5105,0,9,41
5106,0,9,41
5107,0,9,41
5108,0,9,41
5109,0,8,42
5110,0,8,42
5111,0,8,42
5112,0,8,42
5113,0,8,42
5114,0,8,42
5115,0,8,42
5116,0,8,42
5117,0,8,42
5118,0,8,42
5119,0,8,42
5120,0,8,42
5121,0,8,42
5122,0,8,42
5123,0,8,42
5124,0,8,42
5125,0,8,42
5126,0,8,42
5127,0,8,42
5128,0,8,42
5129,0,8,42
5130,0,8,42
5131,0,8,42
5132,0,8,42
5133,0,8,42
5134,0,8,42
5135,0,8,42
5136,0,8,42
5137,0,8,42
5138,0,8,42
5139,0,8,42
5140,0,8,42
5141,0,8,42
5142,0,8,42
5143,0,8,42
5144,0,8,42
5145,0,8,42
5146,0,8,42
5147,0,8,42
5148,0,8,42
5149,0,8,42
5150,0,8,42
5151,0,8,42
5152,0,8,42
5153,0,8,42
5154,0,8,42
5155,0,8,42
5156,0,8,42
5157,0,8,42
5158,0,8,42
5159,0,8,42
5160,0,7,43
5161,0,7,43
5162,0,7,43
5163,0,7,43
5164,0,7,43
5165,0,7,43
5166,0,7,43
5167,0,7,43
5168,0,7,43
5169,0,7,43
5170,0,7,43
5171,0,7,43
5172,0,7,43
5173,0,7,43
5174,0,7,43
5175,0,7,43
5176,0,7,43
5177,0,7,43
5178,0,7,43
5179,0,7,43
5180,0,7,43
5181,0,7,43
5182,0,7,43
5183,0,7,43
5184,0,6,44
5185,0,6,44
5186,0,6,44
5187,0,6,44
5188,0,6,44
5189,0,6,44
5190,0,6,44
5191,0,6,44
5192,0,6,44
5193,0,6,44
5194,0,6,44
5195,0,6,44
5196,0,6,44
5197,0,6,44
5198,0,6,44
5199,0,6,44
5200,0,6,44
5201,0,6,44
5202,0,6,44
5203,0,6,44
5204,0,6,44
5205,0,6,44
5206,0,6,44
5207,0,6,44
5208,0,6,44
5209,0,6,44
5210,0,6,44
5211,0,6,44
5212,0,6,44
5213,0,6,44
5214,0,6,44
5215,0,6,44
5216,0,6,44
5217,0,6,44
5218,0,6,44
5219,0,6,44
5220,0,6,44
5221,0,6,44
5222,0,6,44
5223,0,6,44
5224,0,6,44
5225,0,6,44
5226,0,6,44
5227,0,6,44
5228,0,6,44
5229,0,6,44
5230,0,6,44
5231,0,6,44
5232,0,6,44
5233,0,6,44
5234,0,6,44
5235,0,6,44
5236,0,6,44
5237,0,6,44
5238,0,6,44
5239,0,6,44
5240,0,6,44
5241,0,6,44
5242,0,6,44
5243,0,6,44
5244,0,6,44
5245,0,6,44
5246,0,6,44
5247,0,6,44
5248,0,6,44
5249,0,6,44
5250,0,6,44
5251,0,6,44
5252,0,6,44
5253,0,6,44
5254,0,6,44
5255,0,6,44
5256,0,6,44
5257,0,6,44
5258,0,6,44
5259,0,6,44
5260,0,6,44
5261,0,6,44
5262,0,5,45
5263,0,5,45
5264,0,5,45
5265,0,5,45
5266,0,5,45
5267,0,5,45
5268,0,5,45
5269,0,5,45
5270,0,5,45
5271,0,5,45
5272,0,5,45
5273,0,5,45
5274,0,5,45
5275,0,5,45
5276,0,5,45
5277,0,5,45
5278,0,5,45
5279,0,5,45
5280,0,5,45
5281,0,5,45
5282,0,5,45
5283,0,5,45
5284,0,5,45
5285,0,5,45
5286,0,5,45
5287,0,5,45
5288,0,5,45
5289,0,5,45
5290,0,5,45
5291,0,5,45
5292,0,5,45
5293,0,5,45
5294,0,5,45
5295,0,5,45
5296,0,5,45
5297,0,5,45
5298,0,5,45
5299,0,5,45
5300,0,5,45
5301,0,5,45
5302,0,5,45
5303,0,5,45
5304,0,5,45
5305,0,5,45
5306,0,5,45
5307,0,5,45
5308,0,5,45
5309,0,5,45
5310,0,5,45
5311,0,5,45
5312,0,5,45
5313,0,5,45
5314,0,5,45
5315,0,5,45
5316,0,5,45
5317,0,5,45
5318,0,5,45
5319,0,5,45
5320,0,5,45
5321,0,5,45
5322,0,5,45
5323,0,5,45
5324,0,5,45
5325,0,5,45
5326,0,5,45
5327,0,5,45
5328,0,5,45
5329,0,5,45
5330,0,5,45
5331,0,5,45
5332,0,5,45
5333,0,5,45
5334,0,5,45
5335,0,5,45
5336,0,5,45
5337,0,5,45
5338,0,5,45
5339,0,5,45
5340,0,5,45
5341,0,5,45
5342,0,5,45
5343,0,5,45
5344,0,5,45
5345,0,5,45
5346,0,5,45
5347,0,5,45
5348,0,4,46
5349,0,4,46
5350,0,4,46
5351,0,4,46
5352,0,4,46
5353,0,4,46
5354,0,4,46
5355,0,4,46
5356,0,4,46
5357,0,4,46
5358,0,4,46
5359,0,4,46
5360,0,4,46
5361,0,4,46
5362,0,4,46
5363,0,4,46
5364,0,4,46
5365,0,4,46
5366,0,4,46
5367,0,4,46
5368,0,4,46
5369,0,4,46
5370,0,4,46
5371,0,4,46
5372,0,4,46
5373,0,4,46
5374,0,4,46
5375,0,4,46
5376,0,4,46
5377,0,4,46
5378,0,4,46
5379,0,4,46
5380,0,4,46
5381,0,4,46
5382,0,4,46
5383,0,4,46
5384,0,4,46
5385,0,4,46
5386,0,4,46
5387,0,4,46
5388,0,4,46
5389,0,3,47
5390,0,3,47
5391,0,3,47
5392,0,3,47
5393,0,3,47
5394,0,3,47
5395,0,3,47
5396,0,3,47
5397,0,3,47
5398,0,3,47
5399,0,3,47
5400,0,3,47
5401,0,3,47
5402,0,3,47
5403,0,3,47
5404,0,3,47
5405,0,3,47
5406,0,3,47
5407,0,3,47
5408,0,3,47
5409,0,3,47
5410,0,3,47
5411,0,3,47
5412,0,3,47
5413,0,3,47
5414,0,3,47
5415,0,3,47
5416,0,3,47
5417,0,3,47
5418,0,3,47
5419,0,3,47
5420,0,3,47
5421,0,3,47
5422,0,3,47
5423,0,3,47
5424,0,3,47
5425,0,3,47
5426,0,3,47
5427,0,3,47
5428,0,3,47
5429,0,3,47
5430,0,3,47
5431,0,3,47
5432,0,3,47
5433,0,3,47
5434,0,3,47
5435,0,3,47
5436,0,3,47
5437,0,3,47
5438,0,3,47
5439,0,3,47
5440,0,3,47
5441,0,3,47
5442,0,3,47
5443,0,3,47
5444,0,3,47
5445,0,3,47
5446,0,3,47
5447,0,3,47
5448,0,3,47
5449,0,3,47
5450,0,3,47
5451,0,3,47
5452,0,3,47
5453,0,3,47
5454,0,3,47
5455,0,3,47
5456,0,3,47
5457,0,3,47
5458,0,3,47
5459,0,3,47
5460,0,3,47
5461,0,3,47
5462,0,3,47
5463,0,3,47
5464,0,3,47
5465,0,3,47
5466,0,3,47
5467,0,3,47
5468,0,3,47
5469,0,3,47
5470,0,3,47
5471,0,3,47
5472,0,3,47
5473,0,3,47
5474,0,3,47
5475,0,3,47
5476,0,3,47
5477,0,3,47
5478,0,3,47
5479,0,3,47
5480,0,3,47
5481,0,3,47
5482,0,3,47
5483,0,3,47
5484,0,3,47
5485,0,3,47
5486,0,3,47
5487,0,3,47
5488,0,3,47
5489,0,3,47
5490,0,3,47
5491,0,3,47
5492,0,3,47
5493,0,3,47
5494,0,3,47
5495,0,3,47
5496,0,3,47
5497,0,3,47
5498,0,3,47
5499,0,3,47
5500,0,3,47
5501,0,3,47
5502,0,3,47
5503,0,3,47
5504,0,3,47
5505,0,3,47
5506,0,3,47
5507,0,3,47
5508,0,3,47
5509,0,3,47
5510,0,3,47
5511,0,3,47
5512,0,3,47
5513,0,3,47
5514,0,3,47
5515,0,3,47
5516,0,3,47
5517,0,3,47
5518,0,3,47
5519,0,3,47
5520,0,3,47
5521,0,3,47
5522,0,3,47
5523,0,3,47
5524,0,3,47
5525,0,3,47
5526,0,3,47
5527,0,3,47
5528,0,3,47
5529,0,3,47
5530,0,3,47
5531,0,3,47
5532,0,3,47
5533,0,3,47
5534,0,3,47
5535,0,3,47
5536,0,3,47
5537,0,3,47
5538,0,3,47
5539,0,3,47
5540,0,3,47
5541,0,3,47
5542,0,3,47
5543,0,3,47
5544,0,3,47
5545,0,3,47
5546,0,3,47
5547,0,3,47
5548,0,3,47
5549,0,2,48
5550,0,2,48
5551,0,2,48
5552,0,2,48
5553,0,2,48
5554,0,2,48
5555,0,2,48
5556,0,2,48
5557,0,2,48
5558,0,2,48
5559,0,2,48
5560,0,2,48
5561,0,2,48
5562,0,2,48
5563,0,2,48
5564,0,2,48
5565,0,2,48
5566,0,2,48
5567,0,2,48
5568,0,2,48
5569,0,2,48
5570,0,2,48
5571,0,2,48
5572,0,2,48
5573,0,2,48
5574,0,2,48
5575,0,2,48
5576,0,1,49
5577,0,1,49
5578,0,1,49
5579,0,1,49
5580,0,1,49
5581,0,1,49
5582,0,1,49
5583,0,1,49
5584,0,1,49
5585,0,1,49
5586,0,1,49
5587,0,1,49
5588,0,1,49
5589,0,1,49
5590,0,1,49
5591,0,1,49
5592,0,1,49
5593,0,1,49
5594,0,1,49
5595,0,1,49
5596,0,1,49
5597,0,1,49
5598,0,1,49
5599,0,1,49
5600,0,1,49
5601,0,1,49
5602,0,1,49
5603,0,1,49
5604,0,1,49
5605,0,1,49
5606,0,1,49
5607,0,1,49
5608,0,1,49
5609,0,1,49
5610,0,1,49
5611,0,1,49
5612,0,1,49
5613,0,1,49
5614,0,1,49
5615,0,1,49
5616,0,1,49
5617,0,1,49
5618,0,1,49
5619,0,1,49
5620,0,1,49
5621,0,1,49
5622,0,1,49
5623,0,1,49
5624,0,1,49
5625,0,1,49
5626,0,1,49
5627,0,1,49
5628,0,1,49
5629,0,1,49
5630,0,1,49
5631,0,1,49
5632,0,1,49
5633,0,1,49
5634,0,1,49
5635,0,1,49
5636,0,1,49
5637,0,1,49
5638,0,1,49
5639,0,1,49
5640,0,1,49
5641,0,1,49
5642,0,1,49
5643,0,1,49
5644,0,1,49
5645,0,1,49
5646,0,1,49
5647,0,1,49
5648,0,1,49
5649,0,1,49
5650,0,1,49
5651,0,1,49
5652,0,1,49
5653,0,1,49
5654,0,1,49
5655,0,1,49
5656,0,1,49
5657,0,1,49
5658,0,1,49
5659,0,1,49
5660,0,1,49
5661,0,1,49
5662,0,1,49
5663,0,1,49
5664,0,1,49
5665,0,1,49
5666,0,1,49
5667,0,1,49
5668,0,1,49
5669,0,1,49
5670,0,1,49
5671,0,1,49
5672,0,1,49
5673,0,1,49
5674,0,1,49
5675,0,1,49
5676,0,1,49
5677,0,1,49
5678,0,1,49
5679,0,1,49
5680,0,1,49
5681,0,1,49
5682,0,1,49
5683,0,1,49
5684,0,1,49
5685,0,1,49
5686,0,1,49
5687,0,1,49
5688,0,1,49
5689,0,1,49
5690,0,1,49
5691,0,1,49
5692,0,1,49
5693,0,1,49
5694,0,1,49
5695,0,1,49
5696,0,1,49
5697,0,1,49
5698,0,1,49
5699,0,1,49
5700,0,1,49
5701,0,1,49
5702,0,1,49
5703,0,1,49
5704,0,1,49
5705,0,1,49
5706,0,1,49
5707,0,1,49
5708,0,1,49
5709,0,1,49
5710,0,1,49
5711,0,1,49
5712,0,1,49
5713,0,1,49
5714,0,1,49
5715,0,1,49
5716,0,1,49
5717,0,1,49
5718,0,1,49
5719,0,1,49
5720,0,1,49
5721,0,1,49
5722,0,1,49
5723,0,1,49
5724,0,1,49
5725,0,1,49
5726,0,1,49
5727,0,1,49
5728,0,1,49
5729,0,1,49
5730,0,1,49
5731,0,1,49
5732,0,1,49
5733,0,1,49
5734,0,1,49
5735,0,1,49
5736,0,1,49
5737,0,1,49
5738,0,1,49
5739,0,1,49
5740,0,1,49
5741,0,1,49
5742,0,1,49
5743,0,1,49
5744,0,1,49
5745,0,1,49
5746,0,1,49
5747,0,1,49
5748,0,1,49
5749,0,1,49
5750,0,1,49
5751,0,1,49
5752,0,1,49
5753,0,1,49
5754,0,1,49
5755,0,1,49
5756,0,1,49
5757,0,1,49
5758,0,1,49
5759,0,1,49
5760,0,1,49
5761,0,1,49
5762,0,1,49
5763,0,1,49
5764,0,1,49
5765,0,1,49
5766,0,1,49
5767,0,1,49
5768,0,1,49
5769,0,1,49
5770,0,1,49
5771,0,1,49
5772,0,1,49
5773,0,1,49
5774,0,1,49
5775,0,1,49
5776,0,1,49
5777,0,1,49
5778,0,1,49
5779,0,1,49
5780,0,1,49
5781,0,1,49
5782,0,1,49
5783,0,1,49
5784,0,1,49
5785,0,1,49
5786,0,1,49
5787,0,1,49
5788,0,1,49
5789,0,1,49
5790,0,1,49
5791,0,1,49
5792,0,1,49
5793,0,1,49
5794,0,1,49
5795,0,1,49
5796,0,1,49
5797,0,1,49
5798,0,1,49
5799,0,1,49
5800,0,1,49
5801,0,1,49
5802,0,1,49
5803,0,1,49
5804,0,1,49
5805,0,1,49
5806,0,1,49
5807,0,1,49
5808,0,1,49
5809,0,1,49
5810,0,1,49
5811,0,1,49
5812,0,1,49
5813,0,1,49
5814,0,1,49
5815,0,1,49
5816,0,1,49
5817,0,1,49
5818,0,1,49
5819,0,1,49
5820,0,1,49
5821,0,1,49
5822,0,1,49
5823,0,1,49
5824,0,1,49
5825,0,1,49
5826,0,1,49
5827,0,1,49
5828,0,1,49
5829,0,1,49
5830,0,1,49
5831,0,1,49
5832,0,1,49
5833,0,1,49
5834,0,1,49
5835,0,1,49
5836,0,1,49
5837,0,1,49
5838,0,1,49
5839,0,1,49
5840,0,1,49
5841,0,1,49
5842,0,1,49
5843,0,1,49
5844,0,1,49
5845,0,1,49
5846,0,1,49
5847,0,1,49
5848,0,1,49
5849,0,1,49
5850,0,1,49
5851,0,1,49
5852,0,1,49
5853,0,1,49
5854,0,1,49
5855,0,1,49
5856,0,1,49
5857,0,1,49
5858,0,1,49
5859,0,1,49
5860,0,1,49
5861,0,1,49
5862,0,1,49
5863,0,1,49
5864,0,1,49
5865,0,1,49
5866,0,1,49
5867,0,1,49
5868,0,1,49
5869,0,1,49
5870,0,1,49
5871,0,1,49
5872,0,1,49
5873,0,1,49
5874,0,1,49
5875,0,1,49
5876,0,1,49
5877,0,1,49
5878,0,1,49
5879,0,1,49
5880,0,1,49
5881,0,1,49
5882,0,1,49
5883,0,1,49
5884,0,1,49
5885,0,1,49
5886,0,1,49
5887,0,1,49
5888,0,1,49
5889,0,1,49
5890,0,1,49
5891,0,1,49
5892,0,1,49
5893,0,1,49
5894,0,1,49
5895,0,1,49
5896,0,1,49
5897,0,1,49
5898,0,1,49
5899,0,1,49
5900,0,1,49
5901,0,1,49
5902,0,1,49
5903,0,1,49
5904,0,1,49
5905,0,1,49
5906,0,1,49
5907,0,1,49
5908,0,1,49
5909,0,1,49
5910,0,1,49
5911,0,1,49
5912,0,1,49
5913,0,1,49
5914,0,1,49
5915,0,1,49
5916,0,1,49
5917,0,1,49
5918,0,1,49
5919,0,1,49
5920,0,1,49
5921,0,1,49
5922,0,1,49
5923,0,1,49
5924,0,1,49
5925,0,1,49
5926,0,1,49
5927,0,1,49
5928,0,1,49
5929,0,1,49
5930,0,1,49
5931,0,1,49
5932,0,1,49
5933,0,1,49
5934,0,1,49
5935,0,1,49
5936,0,1,49
5937,0,1,49
5938,0,1,49
5939,0,1,49
5940,0,1,49
5941,0,1,49
5942,0,1,49
5943,0,1,49
5944,0,1,49
5945,0,1,49
5946,0,1,49
5947,0,1,49
5948,0,1,49
5949,0,1,49
5950,0,1,49
5951,0,1,49
5952,0,1,49
5953,0,1,49
5954,0,1,49
5955,0,1,49
5956,0,1,49
5957,0,1,49
5958,0,1,49
5959,0,1,49
5960,0,1,49
5961,0,1,49
5962,0,1,49
5963,0,1,49
5964,0,1,49
5965,0,1,49
5966,0,1,49
5967,0,1,49
5968,0,1,49
5969,0,1,49
5970,0,1,49
5971,0,1,49
5972,0,1,49
5973,0,1,49
5974,0,1,49
5975,0,1,49
5976,0,1,49
5977,0,1,49
5978,0,1,49
5979,0,1,49
5980,0,1,49
5981,0,1,49
5982,0,1,49
5983,0,1,49
5984,0,1,49
5985,0,1,49
5986,0,1,49
5987,0,1,49
5988,0,1,49
5989,0,1,49
5990,0,1,49
5991,0,1,49
5992,0,1,49
5993,0,1,49
5994,0,1,49
5995,0,1,49
5996,0,1,49
5997,0,1,49
5998,0,1,49
5999,0,1,49
6000,0,1,49
6001,0,1,49
6002,0,1,49
6003,0,1,49
6004,0,1,49
6005,0,1,49
6006,0,1,49
6007,0,1,49
6008,0,1,49
6009,0,1,49
6010,0,1,49
6011,0,1,49
6012,0,1,49
6013,0,1,49
6014,0,1,49
6015,0,1,49
6016,0,1,49
6017,0,1,49
6018,0,1,49
6019,0,1,49
6020,0,1,49
6021,0,1,49
6022,0,1,49
6023,0,1,49
6024,0,1,49
6025,0,1,49
6026,0,1,49
6027,0,1,49
6028,0,1,49
6029,0,1,49
6030,0,1,49
6031,0,1,49
6032,0,1,49
6033,0,1,49
6034,0,1,49
6035,0,1,49
6036,0,1,49
6037,0,1,49
6038,0,1,49
6039,0,1,49
6040,0,1,49
6041,0,1,49
6042,0,1,49
6043,0,1,49
6044,0,1,49
6045,0,1,49
6046,0,1,49
6047,0,1,49
6048,0,1,49
6049,0,1,49
6050,0,1,49
6051,0,1,49
6052,0,1,49
6053,0,1,49
6054,0,1,49
6055,0,1,49
6056,0,1,49
6057,0,1,49
6058,0,1,49
6059,0,1,49
6060,0,1,49
6061,0,1,49
6062,0,1,49
6063,0,1,49
6064,0,1,49
6065,0,1,49
6066,0,1,49
6067,0,1,49
6068,0,1,49
6069,0,1,49
6070,0,1,49
6071,0,1,49
6072,0,1,49
6073,0,1,49
6074,0,1,49
6075,0,1,49
6076,0,1,49
6077,0,1,49
6078,0,1,49
6079,0,1,49
6080,0,1,49
6081,0,1,49
6082,0,1,49
6083,0,1,49
6084,0,1,49
6085,0,1,49
6086,0,1,49
6087,0,1,49
6088,0,1,49
6089,0,1,49
6090,0,1,49
6091,0,1,49
6092,0,1,49
6093,0,1,49
6094,0,1,49
6095,0,1,49
6096,0,1,49
6097,0,1,49
6098,0,1,49
6099,0,1,49
6100,0,1,49
6101,0,1,49
6102,0,1,49
6103,0,1,49
6104,0,1,49
6105,0,1,49
6106,0,1,49
6107,0,1,49
6108,0,1,49
6109,0,1,49
6110,0,1,49
6111,0,1,49
6112,0,1,49
6113,0,1,49
6114,0,1,49
6115,0,1,49
6116,0,1,49
6117,0,1,49
6118,0,1,49
6119,0,1,49
6120,0,1,49
6121,0,1,49
6122,0,1,49
6123,0,1,49
6124,0,1,49
6125,0,1,49
6126,0,1,49
6127,0,1,49
6128,0,1,49
6129,0,1,49
6130,0,1,49
6131,0,1,49
6132,0,1,49
6133,0,1,49
6134,0,1,49
6135,0,1,49
6136,0,1,49
6137,0,1,49
6138,0,1,49
6139,0,1,49
6140,0,0,50
