<cur_step>,<num_susceptible>,<num_infected>,<num_recovered>
1,99,1,0
2,99,1,0
3,99,1,0
4,99,1,0
5,99,1,0
6,99,1,0
7,99,1,0
8,99,1,0
9,99,1,0
10,99,1,0
11,99,1,0
12,99,1,0
13,99,1,0
14,99,1,0
15,99,1,0
16,99,1,0
17,99,1,0
18,99,1,0
19,99,1,0
20,99,1,0
21,99,1,0
22,99,1,0
23,99,1,0
24,99,1,0
25,99,1,0
26,99,1,0
27,99,1,0
28,99,1,0
29,99,1,0
30,99,1,0
31,99,1,0
32,99,1,0
33,99,1,0
34,99,1,0
35,99,1,0
36,99,1,0
37,99,1,0
38,99,1,0
39,99,1,0
40,99,1,0
41,99,1,0
42,99,1,0
43,99,1,0
44,99,1,0
45,99,1,0
46,99,1,0
47,99,1,0
48,99,1,0
49,99,1,0
50,99,1,0
51,99,1,0
52,99,1,0
53,99,1,0
54,99,1,0
55,99,1,0
56,99,1,0
57,99,1,0
58,99,1,0
59,99,1,0
60,99,1,0
61,99,1,0
62,99,1,0
63,99,1,0
64,99,1,0
65,99,1,0
66,99,1,0
67,99,1,0
68,99,1,0
69,99,1,0
70,99,1,0
71,99,1,0
72,99,1,0
73,99,1,0
74,99,1,0
75,99,1,0
76,99,1,0
77,99,1,0
78,99,1,0
79,99,1,0
80,99,1,0
81,99,1,0
82,99,1,0
83,99,1,0
84,99,1,0
85,99,1,0
86,99,1,0
87,99,1,0
88,99,1,0
89,99,1,0
90,99,1,0
91,99,1,0
92,99,1,0
93,99,1,0
94,99,1,0
95,99,1,0
96,99,1,0
97,99,1,0
98,99,1,0
99,99,1,0
100,99,1,0
101,99,1,0
102,99,1,0
103,99,1,0
104,99,1,0
105,99,1,0
106,99,1,0
107,99,1,0
108,99,1,0
109,99,1,0
110,99,1,0
111,99,1,0
112,99,1,0
113,99,1,0
114,99,1,0
115,99,1,0
116,99,1,0
117,99,1,0
118,99,1,0
119,99,1,0
120,99,1,0
121,99,1,0
122,99,1,0
123,99,1,0
124,99,1,0
125,99,1,0
126,99,1,0
127,99,1,0
128,99,1,0
129,99,1,0
130,99,1,0
131,99,1,0
132,99,1,0
133,99,1,0
134,99,1,0
135,99,1,0
136,99,1,0
137,99,1,0
138,99,1,0
139,99,1,0
140,99,1,0
141,99,1,0
142,99,1,0
143,99,1,0
144,99,1,0
145,99,1,0
146,99,1,0
147,99,1,0
148,99,1,0
149,99,1,0
150,99,1,0
151,99,1,0
152,99,1,0
153,99,1,0
154,99,1,0
155,99,1,0
156,99,1,0
157,99,1,0
158,99,1,0
159,99,1,0
160,99,1,0
161,99,1,0
162,99,1,0
163,99,1,0
164,99,1,0
165,99,1,0
166,99,1,0
167,99,1,0
168,99,1,0
169,99,1,0
170,99,1,0
171,99,1,0
172,99,1,0
173,99,1,0
174,99,1,0
175,99,1,0
176,99,1,0
177,99,1,0
178,99,1,0
179,99,1,0
180,99,1,0
181,99,1,0
182,99,1,0
183,99,1,0
184,99,1,0
185,99,1,0
186,99,1,0
187,99,1,0
188,99,1,0
189,99,1,0
190,99,1,0
191,99,1,0
192,99,1,0
193,99,1,0
194,99,1,0
195,99,1,0
196,99,1,0
197,99,1,0
198,99,1,0
199,99,1,0
200,99,1,0
201,99,1,0
202,99,1,0
203,99,1,0
204,99,1,0
205,99,1,0
206,99,1,0
207,99,1,0
208,99,1,0
209,99,1,0
210,99,1,0
211,99,1,0
212,99,1,0
213,99,1,0
214,99,1,0
215,99,1,0
216,99,1,0
217,99,1,0
218,99,1,0
219,99,1,0
220,99,1,0
221,99,1,0
222,99,1,0
223,99,1,0
224,99,1,0
225,99,1,0
226,99,1,0
227,99,1,0
228,99,1,0
229,99,1,0
230,99,1,0
231,99,1,0
232,99,1,0
233,99,1,0
234,99,1,0
235,99,1,0
236,99,1,0
237,99,1,0
238,99,1,0
239,99,1,0
240,99,1,0
241,99,1,0
242,99,1,0
243,99,1,0
244,99,1,0
245,99,1,0
246,99,1,0
247,99,1,0
248,99,1,0
249,99,1,0
250,99,1,0
251,99,1,0
252,99,1,0
253,99,1,0
254,99,1,0
255,99,1,0
256,99,1,0
257,99,1,0
258,99,1,0
259,99,1,0
260,99,1,0
261,99,1,0
262,99,1,0
263,99,1,0
264,99,1,0
265,99,1,0
266,99,1,0
267,99,1,0
268,99,1,0
269,99,1,0
270,99,1,0
271,99,1,0
272,99,1,0
273,99,1,0
274,99,1,0
275,99,1,0
276,99,1,0
277,99,1,0
278,99,1,0
279,99,1,0
280,99,1,0
281,99,1,0
282,99,1,0
283,99,1,0
284,99,1,0
285,99,1,0
286,99,1,0
287,99,1,0
288,99,1,0
289,99,1,0
290,99,1,0
291,99,1,0
292,99,1,0
293,99,1,0
294,99,1,0
295,99,1,0
296,99,1,0
297,99,1,0
298,99,1,0
299,99,1,0
300,99,1,0
301,99,1,0
302,99,1,0
303,99,1,0
304,99,1,0
305,99,1,0
306,99,1,0
307,99,1,0
308,99,1,0
309,99,1,0
310,98,2,0
311,97,3,0
312,97,3,0
313,97,3,0
314,97,3,0
315,97,3,0
316,97,3,0
317,97,3,0
318,97,3,0
319,97,3,0
320,97,3,0
321,97,3,0
322,97,3,0
323,97,3,0
324,97,3,0
325,97,3,0
326,97,3,0
327,97,3,0
328,97,3,0
329,97,3,0
330,97,3,0
331,97,3,0
332,97,3,0
333,97,3,0
334,97,3,0
335,97,3,0
336,97,3,0
337,97,3,0
338,97,3,0
339,97,3,0
340,97,3,0
341,97,3,0
342,97,3,0
343,97,3,0
344,97,3,0
345,97,3,0
346,97,3,0
347,97,3,0
348,97,3,0
349,97,3,0
350,97,3,0
351,97,3,0
352,97,3,0
353,97,3,0
354,97,3,0
355,97,3,0
356,97,3,0
357,97,3,0
358,97,3,0
359,97,3,0
360,97,3,0
361,97,3,0
362,97,3,0
363,97,3,0
364,97,3,0
365,97,3,0
366,97,3,0
367,97,3,0
368,97,3,0
369,97,3,0
370,97,3,0
371,97,3,0
372,97,3,0
373,97,3,0
374,97,3,0
375,97,3,0
376,97,3,0
377,97,3,0
378,97,3,0
379,97,3,0
380,97,3,0
381,97,3,0
382,97,3,0
383,97,3,0
384,97,3,0
385,97,3,0
386,97,3,0
387,97,3,0
388,97,3,0
389,97,3,0
390,97,3,0
391,97,3,0
392,97,3,0
393,97,3,0
394,97,3,0
395,97,3,0
396,97,3,0
397,97,3,0
398,97,3,0
399,97,3,0
400,97,3,0
401,97,3,0
402,97,3,0
403,97,3,0
404,97,3,0
405,97,3,0
406,97,3,0
407,97,3,0
408,97,3,0
409,97,3,0
410,97,3,0
411,97,3,0
412,97,3,0
413,97,3,0
414,97,3,0
415,97,3,0
416,97,3,0
417,97,3,0
418,97,3,0
419,97,3,0
420,97,3,0
421,97,3,0
422,97,3,0
423,97,3,0
424,97,3,0
425,97,3,0
426,97,3,0
427,97,3,0
428,97,3,0
429,97,3,0
430,97,3,0
431,97,3,0
432,97,3,0
433,97,3,0
434,97,3,0
435,97,3,0
436,97,3,0
437,97,3,0
438,97,3,0
439,97,3,0
440,97,3,0
441,97,3,0
442,97,3,0
443,97,3,0
444,97,3,0
445,97,3,0
446,97,3,0
447,97,3,0
448,97,3,0
449,97,3,0
450,97,3,0
451,97,3,0
452,97,3,0
453,97,3,0
454,97,3,0
455,97,3,0
456,97,3,0
457,97,3,0
458,97,3,0
459,97,3,0
460,97,3,0
461,97,3,0
462,97,3,0
463,97,3,0
464,97,3,0
465,97,3,0
466,97,3,0
467,97,3,0
468,97,3,0
469,97,3,0
470,97,3,0
471,97,3,0
472,97,3,0
473,97,3,0
474,97,3,0
475,97,3,0
476,97,3,0
477,97,3,0
478,97,3,0
479,97,3,0
480,97,3,0
481,97,3,0
482,97,3,0
483,97,3,0
484,97,3,0
485,97,3,0
486,97,3,0
487,97,3,0
488,97,3,0
489,97,3,0
490,97,3,0
491,97,3,0
492,97,3,0
493,97,3,0
494,97,3,0
495,97,3,0
496,97,3,0
497,97,3,0
498,97,3,0
499,97,3,0
500,97,3,0
501,97,3,0
502,97,3,0
503,97,3,0
504,97,3,0
505,97,3,0
506,97,3,0
507,97,3,0
508,97,3,0
509,97,3,0
510,97,3,0
511,97,3,0
512,97,3,0
513,97,3,0
514,97,3,0
515,97,3,0
516,97,3,0
517,97,3,0
518,97,3,0
519,97,3,0
520,97,3,0
521,97,3,0
522,97,3,0
523,97,3,0
524,97,3,0
525,97,3,0
526,97,3,0
527,97,3,0
528,97,3,0
529,97,3,0
530,97,3,0
531,97,3,0
532,97,3,0
533,97,3,0
534,97,3,0
535,97,3,0
536,97,3,0
537,97,3,0
538,97,3,0
539,97,3,0
540,97,3,0
541,97,3,0
542,97,3,0
543,97,3,0
544,97,3,0
545,97,3,0
546,97,3,0
547,97,3,0
548,97,3,0
549,97,3,0
550,97,3,0
551,97,3,0
552,97,3,0
553,97,3,0
554,97,3,0
555,97,3,0
556,97,3,0
557,97,3,0
558,97,3,0
559,97,3,0
560,97,3,0
561,97,3,0
562,97,3,0
563,97,3,0
564,97,3,0
565,97,3,0
566,97,3,0
567,97,3,0
568,97,3,0
569,97,3,0
570,97,3,0
571,97,3,0
572,97,3,0
573,97,3,0
574,97,3,0
575,97,3,0
576,97,3,0
577,97,3,0
578,97,3,0
579,97,3,0
580,97,3,0
581,97,3,0
582,97,3,0
583,97,3,0
584,97,3,0
585,97,3,0
586,97,3,0
587,97,3,0
588,97,3,0
589,97,3,0
590,97,3,0
591,97,3,0
592,97,3,0
593,97,3,0
594,97,3,0
595,97,3,0
596,97,3,0
597,97,3,0
598,97,3,0
599,97,3,0
600,97,3,0
601,97,3,0
602,97,3,0
603,97,3,0
604,97,3,0
605,97,3,0
606,97,3,0
607,97,3,0
608,97,3,0
609,97,3,0
610,97,3,0
611,97,3,0
612,97,3,0
613,97,3,0
614,97,3,0
615,97,3,0
616,97,3,0
617,97,3,0
618,97,3,0
619,97,3,0
620,97,3,0
621,97,3,0
622,97,3,0
623,97,3,0
624,97,3,0
625,97,3,0
626,97,3,0
627,97,3,0
628,97,3,0
629,97,3,0
630,97,3,0
631,97,3,0
632,97,3,0
633,97,3,0
634,97,3,0
635,97,3,0
636,97,3,0
637,97,3,0
638,97,3,0
639,97,3,0
640,97,3,0
641,97,3,0
642,97,3,0
643,97,3,0
644,97,3,0
645,97,3,0
646,97,3,0
647,97,3,0
648,97,3,0
649,97,3,0
650,97,3,0
651,97,3,0
652,97,3,0
653,97,3,0
654,97,3,0
655,97,3,0
656,97,3,0
657,97,3,0
658,97,3,0
659,97,3,0
660,97,3,0
661,97,3,0
662,97,3,0
663,97,3,0
664,97,3,0
665,97,3,0
666,97,3,0
667,97,3,0
668,97,3,0
669,97,3,0
670,97,3,0
671,97,3,0
672,97,3,0
673,97,3,0
674,97,3,0
675,97,3,0
676,97,3,0
677,97,3,0
678,97,3,0
679,97,3,0
680,97,3,0
681,97,3,0
682,97,3,0
683,97,3,0
684,97,3,0
685,97,3,0
686,97,3,0
687,97,3,0
688,97,3,0
689,97,3,0
690,97,3,0
691,97,3,0
692,97,3,0
693,97,3,0
694,97,3,0
695,97,3,0
696,97,3,0
697,97,3,0
698,97,3,0
699,97,3,0
700,97,3,0
701,97,3,0
702,97,3,0
703,97,3,0
704,97,3,0
705,97,3,0
706,97,3,0
707,97,3,0
708,97,3,0
709,97,3,0
710,97,3,0
711,97,3,0
712,97,3,0
713,97,3,0
714,96,4,0
715,96,4,0
716,96,4,0
717,96,4,0
718,96,4,0
719,96,4,0
720,95,5,0
721,95,5,0
722,95,5,0
723,95,5,0
724,95,5,0
725,95,5,0
726,95,5,0
727,95,5,0
728,95,5,0
729,95,5,0
730,95,5,0
731,95,5,0
732,95,5,0
733,95,5,0
734,95,5,0
735,95,5,0
736,95,5,0
737,95,5,0
738,95,5,0
739,95,5,0
740,95,5,0
741,95,5,0
742,95,5,0
743,95,5,0
744,95,5,0
745,95,5,0
746,95,5,0
747,95,5,0
748,95,5,0
749,95,5,0
750,95,5,0
751,95,5,0
752,95,5,0
753,95,5,0
754,95,5,0
755,95,5,0
756,95,5,0
757,95,5,0
758,95,5,0
759,95,5,0
760,95,5,0
761,95,5,0
762,95,5,0
763,95,5,0
764,95,5,0
765,95,5,0
766,95,5,0
767,95,5,0
768,95,5,0
769,95,5,0
770,95,5,0
771,95,5,0
772,95,5,0
773,95,5,0
774,95,5,0
775,95,5,0
776,95,5,0
777,95,5,0
778,95,5,0
779,95,5,0
780,95,5,0
781,95,5,0
782,95,5,0
783,95,5,0
784,95,5,0
785,95,5,0
786,95,5,0
787,95,5,0
788,95,5,0
789,95,5,0
790,95,5,0
791,95,5,0
792,95,5,0
793,95,5,0
794,95,5,0
795,95,5,0
796,95,5,0
797,95,5,0
798,95,5,0
799,95,5,0
800,95,5,0
801,95,5,0
802,95,5,0
803,95,5,0
804,95,5,0
805,95,5,0
806,95,5,0
807,94,6,0
808,94,6,0
809,94,6,0
810,94,6,0
811,94,6,0
812,94,6,0
813,94,6,0
814,94,6,0
815,94,6,0
816,94,6,0
817,94,6,0
818,94,6,0
819,94,6,0
820,94,6,0
821,94,6,0
822,94,6,0
823,94,6,0
824,94,6,0
825,94,6,0
826,94,6,0
827,94,6,0
828,94,6,0
829,94,6,0
830,94,6,0
831,94,6,0
832,94,6,0
833,94,6,0
834,94,6,0
835,94,6,0
836,94,6,0
837,94,6,0
838,94,6,0
839,94,6,0
840,94,6,0
841,94,6,0
842,94,6,0
843,94,6,0
844,94,6,0
845,94,6,0
846,94,6,0
847,94,6,0
848,94,6,0
849,94,6,0
850,94,6,0
851,94,6,0
852,94,6,0
853,94,6,0
854,94,6,0
855,94,6,0
856,94,6,0
857,94,6,0
858,94,6,0
859,94,6,0
860,94,6,0
861,94,6,0
862,94,6,0
863,94,6,0
864,94,6,0
865,94,6,0
866,94,6,0
867,94,6,0
868,94,6,0
869,94,6,0
870,94,6,0
871,94,6,0
872,94,6,0
873,94,6,0
874,94,6,0
875,93,7,0
876,93,7,0
877,93,7,0
878,93,7,0
879,93,7,0
880,93,7,0
881,93,7,0
882,93,7,0
883,93,7,0
884,93,7,0
885,93,7,0
886,93,7,0
887,93,7,0
888,93,7,0
889,93,7,0
890,93,7,0
891,93,7,0
892,93,7,0
893,93,7,0
894,93,7,0
895,93,7,0
896,93,7,0
897,93,7,0
898,93,7,0
899,93,7,0
900,93,7,0
901,93,7,0
902,93,7,0
903,93,7,0
904,93,7,0
905,93,7,0
906,93,7,0
907,93,7,0
908,93,7,0
909,93,7,0
910,93,7,0
911,93,7,0
912,93,7,0
913,93,7,0
914,93,7,0
915,93,7,0
916,93,7,0
917,93,7,0
918,93,7,0
919,93,7,0
920,93,7,0
921,93,7,0
922,93,7,0
923,93,7,0
924,93,7,0
925,93,7,0
926,93,7,0
927,93,7,0
928,93,7,0
929,93,7,0
930,93,7,0
931,93,7,0
932,93,7,0
933,93,7,0
934,93,7,0
935,93,7,0
936,93,7,0
937,93,7,0
938,93,7,0
939,93,7,0
940,93,7,0
941,93,7,0
942,93,7,0
943,93,7,0
944,93,7,0
945,93,7,0
946,93,7,0
947,93,7,0
948,93,7,0
949,93,7,0
950,93,7,0
951,93,7,0
952,93,7,0
953,93,7,0
954,93,7,0
955,93,7,0
956,93,7,0
957,93,7,0
958,93,7,0
959,93,7,0
960,93,7,0
961,93,7,0
962,93,7,0
963,93,7,0
964,92,8,0
965,92,8,0
966,92,8,0
967,92,8,0
968,92,8,0
969,92,8,0
970,92,8,0
971,92,8,0
972,92,8,0
973,92,8,0
974,92,8,0
975,92,8,0
976,92,8,0
977,92,8,0
978,92,8,0
979,92,8,0
980,92,8,0
981,92,8,0
982,91,9,0
983,91,9,0
984,91,9,0
985,91,9,0
986,91,9,0
987,91,9,0
988,91,9,0
989,91,9,0
990,91,9,0
991,91,9,0
992,91,9,0
993,91,9,0
994,91,9,0
995,91,9,0
996,91,9,0
997,91,9,0
998,91,9,0
999,91,9,0
1000,91,9,0
1001,91,9,0
1002,91,9,0
1003,91,9,0
1004,91,9,0
1005,91,9,0
1006,91,9,0
1007,91,9,0
1008,91,9,0
1009,91,9,0
1010,91,9,0
1011,91,9,0
1012,91,9,0
1013,91,9,0
1014,91,9,0
1015,91,9,0
1016,91,9,0
1017,91,9,0
1018,91,9,0
1019,91,9,0
1020,91,9,0
1021,91,9,0
1022,91,9,0
1023,91,9,0
1024,91,9,0
1025,91,9,0
1026,91,9,0
1027,91,9,0
1028,91,9,0
1029,91,9,0
1030,91,9,0
1031,91,9,0
1032,91,9,0
1033,91,9,0
1034,91,9,0
1035,91,9,0
1036,91,9,0
1037,91,9,0
1038,91,9,0
1039,91,9,0
1040,91,9,0
1041,91,9,0
1042,91,9,0
1043,91,9,0
1044,91,9,0
1045,91,9,0
1046,91,9,0
1047,91,9,0
1048,91,9,0
1049,91,9,0
1050,91,9,0
1051,91,9,0
1052,91,9,0
1053,91,9,0
1054,91,9,0
1055,91,9,0
1056,91,9,0
1057,91,9,0
1058,91,9,0
1059,91,9,0
1060,91,9,0
1061,91,9,0
1062,91,9,0
1063,91,9,0
1064,91,9,0
1065,91,9,0
1066,91,9,0
1067,91,9,0
1068,91,9,0
1069,91,9,0
1070,91,9,0
1071,91,9,0
1072,91,9,0
1073,91,9,0
1074,91,9,0
1075,91,9,0
1076,91,9,0
1077,91,9,0
1078,91,9,0
1079,91,9,0
1080,91,9,0
1081,91,9,0
1082,91,9,0
1083,91,9,0
1084,91,9,0
1085,91,9,0
1086,91,9,0
1087,91,9,0
1088,90,10,0
1089,90,10,0
1090,90,10,0
1091,90,10,0
1092,90,10,0
1093,90,10,0
1094,90,10,0
1095,90,10,0
1096,90,10,0
1097,90,10,0
1098,90,10,0
1099,90,10,0
1100,90,10,0
1101,90,10,0
1102,90,10,0
1103,90,10,0
1104,90,10,0
1105,90,10,0
1106,90,10,0
1107,90,10,0
1108,90,10,0
1109,90,10,0
1110,90,10,0
1111,90,10,0
1112,90,10,0
1113,90,10,0
1114,90,10,0
1115,90,10,0
1116,90,10,0
1117,90,10,0
1118,89,11,0
1119,89,11,0
1120,89,11,0
1121,89,11,0
1122,89,11,0
1123,89,11,0
1124,89,11,0
1125,89,11,0
1126,89,11,0
1127,89,11,0
1128,88,12,0
1129,88,12,0
1130,88,12,0
1131,88,12,0
1132,88,12,0
1133,88,12,0
1134,88,12,0
1135,88,12,0
1136,88,12,0
1137,88,12,0
1138,88,12,0
1139,88,12,0
1140,88,12,0
1141,88,12,0
1142,88,12,0
1143,88,12,0
1144,88,12,0
1145,88,12,0
1146,88,12,0
1147,88,12,0
1148,88,12,0
1149,88,12,0
1150,88,12,0
1151,88,12,0
1152,88,12,0
1153,88,12,0
1154,88,12,0
1155,88,12,0
1156,88,12,0
1157,88,12,0
1158,88,12,0
1159,88,12,0
1160,88,12,0
1161,88,12,0
1162,87,13,0
1163,87,13,0
1164,87,13,0
1165,87,13,0
1166,87,13,0
1167,87,13,0
1168,87,13,0
1169,87,13,0
1170,87,13,0
1171,87,13,0
1172,87,13,0
1173,87,13,0
1174,87,13,0
1175,87,13,0
1176,87,13,0
1177,87,13,0
1178,87,13,0
1179,87,13,0
1180,87,13,0
1181,87,13,0
1182,87,13,0
1183,87,13,0
1184,87,13,0
1185,87,13,0
1186,87,13,0
1187,87,13,0
1188,87,13,0
1189,87,13,0
1190,87,13,0
1191,87,13,0
1192,87,13,0
1193,87,13,0
1194,87,13,0
1195,87,13,0
1196,87,13,0
1197,87,13,0
1198,87,13,0
1199,87,13,0
1200,87,13,0
1201,87,13,0
1202,87,13,0
1203,87,13,0
1204,87,13,0
1205,87,13,0
1206,87,13,0
1207,87,13,0
1208,87,13,0
1209,87,13,0
1210,87,13,0
1211,87,13,0
1212,87,13,0
1213,87,13,0
1214,87,13,0
1215,87,13,0
1216,87,13,0
1217,87,13,0
1218,87,13,0
1219,87,13,0
1220,87,13,0
1221,87,13,0
1222,87,13,0
1223,87,13,0
1224,87,13,0
1225,87,13,0
1226,87,13,0
1227,87,13,0
1228,87,13,0
1229,87,13,0
1230,87,13,0
1231,87,13,0
1232,87,13,0
1233,87,13,0
1234,87,13,0
1235,87,13,0
1236,87,13,0
1237,87,13,0
1238,87,13,0
1239,87,13,0
1240,86,14,0
1241,86,14,0
1242,86,14,0
1243,86,14,0
1244,86,14,0
1245,86,14,0
1246,86,14,0
1247,86,14,0
1248,85,15,0
1249,85,15,0
1250,85,15,0
1251,85,15,0
1252,85,15,0
1253,85,15,0
1254,85,15,0
1255,85,15,0
1256,85,15,0
1257,85,15,0
1258,85,15,0
1259,85,15,0
1260,85,15,0
1261,85,15,0
1262,85,15,0
1263,85,15,0
1264,84,16,0
1265,84,16,0
1266,84,16,0
1267,84,16,0
1268,84,16,0
1269,84,16,0
1270,84,16,0
1271,84,16,0
1272,84,16,0
1273,84,16,0
1274,84,16,0
1275,84,16,0
1276,84,16,0
1277,84,16,0
1278,84,16,0
1279,84,16,0
1280,84,16,0
1281,84,16,0
1282,84,16,0
1283,84,16,0
1284,84,16,0
1285,84,16,0
1286,83,17,0
1287,83,17,0
1288,83,17,0
1289,83,17,0
1290,83,17,0
1291,83,17,0
1292,83,17,0
1293,83,17,0
1294,83,17,0
1295,83,17,0
1296,83,17,0
1297,83,17,0
1298,83,17,0
1299,83,17,0
1300,83,17,0
1301,83,17,0
1302,83,17,0
1303,83,17,0
1304,83,17,0
1305,83,17,0
1306,83,17,0
1307,83,17,0
1308,83,17,0
1309,83,17,0
1310,83,17,0
1311,83,17,0
1312,83,17,0
1313,83,17,0
1314,83,17,0
1315,82,18,0
1316,82,18,0
1317,82,18,0
1318,82,18,0
1319,82,18,0
1320,82,18,0
1321,82,18,0
1322,82,18,0
1323,82,18,0
1324,82,18,0
1325,82,18,0
1326,82,18,0
1327,82,18,0
1328,82,18,0
1329,82,18,0
1330,81,19,0
1331,81,19,0
1332,81,19,0
1333,81,19,0
1334,81,19,0
1335,81,19,0
1336,81,19,0
1337,81,19,0
1338,81,19,0
1339,81,19,0
1340,81,19,0
1341,81,19,0
1342,81,19,0
1343,81,19,0
1344,81,19,0
1345,81,19,0
1346,81,19,0
1347,81,19,0
1348,81,19,0
1349,81,19,0
1350,81,19,0
1351,81,19,0
1352,81,19,0
1353,81,19,0
1354,81,19,0
1355,81,19,0
1356,81,19,0
1357,81,19,0
1358,81,19,0
1359,81,19,0
1360,81,19,0
1361,81,19,0
1362,81,19,0
1363,81,19,0
1364,81,19,0
1365,81,19,0
1366,81,19,0
1367,81,19,0
1368,81,19,0
1369,81,19,0
1370,81,19,0
1371,81,19,0
1372,81,19,0
1373,81,19,0
1374,81,19,0
1375,81,19,0
1376,81,19,0
1377,81,19,0
1378,81,19,0
1379,81,19,0
1380,81,19,0
1381,81,19,0
1382,81,19,0
1383,81,19,0
1384,81,19,0
1385,81,19,0
1386,81,19,0
1387,81,19,0
1388,81,19,0
1389,81,19,0
1390,81,19,0
1391,81,19,0
1392,81,19,0
1393,81,19,0
1394,81,19,0
1395,81,19,0
1396,81,19,0
1397,81,19,0
1398,81,19,0
1399,81,19,0
1400,81,19,0
1401,81,19,0
1402,81,19,0
1403,81,19,0
1404,81,19,0
1405,81,19,0
1406,81,19,0
1407,81,19,0
1408,81,19,0
1409,81,19,0
1410,81,19,0
1411,81,19,0
1412,81,19,0
1413,81,19,0
1414,81,19,0
1415,81,19,0
1416,81,19,0
1417,81,19,0
1418,81,19,0
1419,81,19,0
1420,81,19,0
1421,81,19,0
1422,81,19,0
1423,81,19,0
1424,81,19,0
1425,81,19,0
1426,81,19,0
1427,81,19,0
1428,81,19,0
1429,81,19,0
1430,81,19,0
1431,81,19,0
1432,81,19,0
1433,81,19,0
1434,81,19,0
1435,81,19,0
1436,81,19,0
1437,81,19,0
1438,81,19,0
1439,81,19,0
1440,81,19,0
1441,81,19,0
1442,81,19,0
1443,81,19,0
1444,81,19,0
1445,81,19,0
1446,81,19,0
1447,81,19,0
1448,81,19,0
1449,81,19,0
1450,81,19,0
1451,81,19,0
1452,81,19,0
1453,81,19,0
1454,81,19,0
1455,81,19,0
1456,81,19,0
1457,81,19,0
1458,81,19,0
1459,81,19,0
1460,81,19,0
1461,81,19,0
1462,81,19,0
1463,81,19,0
1464,81,19,0
1465,81,19,0
1466,81,19,0
1467,81,19,0
1468,81,19,0
1469,81,19,0
1470,81,19,0
1471,81,19,0
1472,81,19,0
1473,81,19,0
1474,81,19,0
1475,81,19,0
1476,81,19,0
1477,81,19,0
1478,81,19,0
1479,81,19,0
1480,81,19,0
1481,81,19,0
1482,81,19,0
1483,81,19,0
1484,81,19,0
1485,81,19,0
1486,81,19,0
1487,81,19,0
1488,81,19,0
1489,81,19,0
1490,81,19,0
1491,81,19,0
1492,81,19,0
1493,81,19,0
1494,81,19,0
1495,81,19,0
1496,81,19,0
1497,81,19,0
1498,81,19,0
1499,81,19,0
1500,81,19,0
1501,81,19,0
1502,81,19,0
1503,81,19,0
1504,80,20,0
1505,80,20,0
1506,80,20,0
1507,80,20,0
1508,80,20,0
1509,80,20,0
1510,80,20,0
1511,80,20,0
1512,80,20,0
1513,80,20,0
1514,80,20,0
1515,80,20,0
1516,80,20,0
1517,80,20,0
1518,80,20,0
1519,80,20,0
1520,80,20,0
1521,80,20,0
1522,80,20,0
1523,80,20,0
1524,80,20,0
1525,80,20,0
1526,80,20,0
1527,80,20,0
1528,80,20,0
1529,80,20,0
1530,80,20,0
1531,80,20,0
1532,80,20,0
1533,80,20,0
1534,80,20,0
1535,80,20,0
1536,80,20,0
1537,80,20,0
1538,80,20,0
1539,80,20,0
1540,80,20,0
1541,80,20,0
1542,80,20,0
1543,80,20,0
1544,80,20,0
1545,80,20,0
1546,80,20,0
1547,80,20,0
1548,80,20,0
1549,80,20,0
1550,80,20,0
1551,80,20,0
1552,80,20,0
1553,80,20,0
1554,80,20,0
1555,80,20,0
1556,80,20,0
1557,80,20,0
1558,80,20,0
1559,80,20,0
1560,80,20,0
1561,80,20,0
1562,80,20,0
1563,80,20,0
1564,80,20,0
1565,80,20,0
1566,80,20,0
1567,80,20,0
1568,79,21,0
1569,79,21,0
1570,79,21,0
1571,79,21,0
1572,79,21,0
1573,79,21,0
1574,79,21,0
1575,79,21,0
1576,79,21,0
1577,78,22,0
1578,78,22,0
1579,78,22,0
1580,78,22,0
1581,78,22,0
1582,78,22,0
1583,78,22,0
1584,78,22,0
1585,78,22,0
1586,78,22,0
1587,78,22,0
1588,78,22,0
1589,78,22,0
1590,78,22,0
1591,78,22,0
1592,78,22,0
1593,78,22,0
1594,78,22,0
1595,78,22,0
1596,78,22,0
1597,78,22,0
1598,78,22,0
1599,78,22,0
1600,78,22,0
1601,78,22,0
1602,78,22,0
1603,78,22,0
1604,78,22,0
1605,78,22,0
1606,78,22,0
1607,78,22,0
1608,78,22,0
1609,78,22,0
1610,78,22,0
1611,78,22,0
1612,78,22,0
1613,78,22,0
1614,78,22,0
1615,78,22,0
1616,78,22,0
1617,78,22,0
1618,78,22,0
1619,78,22,0
1620,78,22,0
1621,78,22,0
1622,78,22,0
1623,78,22,0
1624,78,22,0
1625,78,22,0
1626,78,22,0
1627,78,22,0
1628,78,22,0
1629,78,22,0
1630,78,22,0
1631,78,22,0
1632,78,22,0
1633,78,22,0
1634,78,22,0
1635,78,22,0
1636,78,22,0
1637,78,22,0
1638,78,22,0
1639,78,22,0
1640,78,22,0
1641,78,22,0
1642,78,22,0
1643,78,22,0
1644,78,22,0
1645,78,22,0
1646,78,22,0
1647,78,22,0
1648,78,22,0
1649,78,22,0
1650,78,22,0
1651,78,22,0
1652,78,22,0
1653,78,22,0
1654,78,22,0
1655,78,22,0
1656,78,22,0
1657,78,22,0
1658,78,22,0
1659,78,22,0
1660,78,22,0
1661,78,22,0
1662,78,22,0
1663,78,22,0
1664,78,22,0
1665,78,22,0
1666,78,22,0
1667,78,22,0
1668,78,22,0
1669,78,22,0
1670,78,22,0
1671,78,22,0
1672,78,22,0
1673,78,22,0
1674,78,22,0
1675,78,22,0
1676,78,22,0
1677,78,22,0
1678,78,22,0
1679,78,22,0
1680,78,22,0
1681,78,22,0
1682,78,22,0
1683,78,22,0
1684,78,22,0
1685,78,22,0
1686,78,22,0
1687,78,22,0
1688,78,22,0
1689,78,22,0
1690,78,22,0
1691,78,22,0
1692,78,22,0
1693,78,22,0
1694,77,23,0
1695,77,23,0
1696,77,23,0
1697,77,23,0
1698,77,23,0
1699,77,23,0
1700,77,23,0
1701,77,23,0
1702,77,23,0
1703,77,23,0
1704,77,23,0
1705,77,23,0
1706,77,23,0
1707,77,23,0
1708,77,23,0
1709,77,23,0
1710,77,23,0
1711,77,23,0
1712,77,23,0
1713,77,23,0
1714,77,23,0
1715,77,23,0
1716,77,23,0
1717,77,23,0
1718,77,23,0
1719,77,23,0
1720,77,23,0
1721,77,23,0
1722,77,23,0
1723,77,23,0
1724,77,23,0
1725,77,23,0
1726,76,24,0
1727,76,24,0
1728,76,24,0
1729,76,24,0
1730,76,24,0
1731,76,24,0
1732,76,24,0
1733,76,24,0
1734,76,24,0
1735,76,24,0
1736,76,24,0
1737,76,24,0
1738,76,24,0
1739,76,24,0
1740,76,24,0
1741,76,24,0
1742,76,24,0
1743,76,24,0
1744,76,24,0
1745,76,24,0
1746,76,24,0
1747,76,24,0
1748,76,24,0
1749,76,24,0
1750,76,24,0
1751,76,24,0
1752,76,24,0
1753,75,25,0
1754,75,25,0
1755,75,25,0
1756,75,25,0
1757,75,25,0
1758,75,25,0
1759,75,25,0
1760,75,25,0
1761,75,25,0
1762,75,25,0
1763,75,25,0
1764,75,25,0
1765,75,25,0
1766,75,25,0
1767,75,25,0
1768,75,25,0
1769,75,25,0
1770,75,25,0
1771,75,25,0
1772,75,25,0
1773,75,25,0
1774,75,25,0
1775,75,25,0
1776,75,25,0
1777,75,25,0
1778,75,25,0
1779,75,25,0
1780,75,25,0
1781,75,25,0
1782,75,25,0
1783,75,25,0
1784,75,25,0
1785,75,25,0
1786,75,25,0
1787,75,25,0
1788,75,25,0
1789,75,25,0
1790,75,25,0
1791,74,26,0
1792,74,26,0
1793,74,26,0
1794,74,26,0
1795,74,26,0
1796,74,26,0
1797,74,26,0
1798,74,26,0
1799,74,26,0
1800,74,26,0
1801,74,26,0
1802,74,26,0
1803,74,26,0
1804,74,26,0
1805,74,26,0
1806,74,26,0
1807,74,26,0
1808,74,26,0
1809,74,26,0
1810,74,26,0
1811,74,26,0
1812,74,26,0
1813,74,26,0
1814,74,26,0
1815,74,26,0
1816,74,26,0
1817,74,26,0
1818,74,26,0
1819,74,26,0
1820,74,26,0
1821,74,26,0
1822,74,26,0
1823,74,26,0
1824,74,26,0
1825,74,26,0
1826,74,26,0
1827,74,26,0
1828,74,26,0
1829,74,26,0
1830,74,26,0
1831,74,26,0
1832,74,26,0
1833,74,26,0
1834,74,26,0
1835,74,26,0
1836,74,26,0
1837,74,26,0
1838,74,26,0
1839,74,26,0
1840,74,26,0
1841,74,26,0
1842,74,26,0
1843,74,26,0
1844,74,26,0
1845,74,26,0
1846,74,26,0
1847,74,26,0
1848,74,26,0
1849,74,26,0
1850,74,26,0
1851,74,26,0
1852,74,26,0
1853,74,26,0
1854,74,26,0
1855,74,26,0
1856,74,26,0
1857,74,26,0
1858,74,26,0
1859,74,26,0
1860,74,26,0
1861,74,26,0
1862,74,26,0
1863,74,26,0
1864,74,26,0
1865,74,26,0
1866,74,26,0
1867,74,26,0
1868,74,26,0
1869,74,26,0
1870,74,26,0
1871,74,26,0
1872,74,26,0
1873,74,26,0
1874,74,26,0
1875,74,26,0
1876,74,26,0
1877,74,26,0
1878,74,26,0
1879,74,26,0
1880,74,26,0
1881,74,26,0
1882,74,26,0
1883,74,26,0
1884,74,26,0
1885,74,26,0
1886,74,26,0
1887,74,26,0
1888,74,26,0
1889,74,26,0
1890,74,26,0
1891,74,26,0
1892,74,26,0
1893,74,26,0
1894,74,26,0
1895,74,26,0
1896,74,26,0
1897,74,26,0
1898,74,26,0
1899,74,26,0
1900,74,26,0
1901,74,26,0
1902,74,26,0
1903,74,26,0
1904,74,26,0
1905,74,26,0
1906,74,26,0
1907,74,26,0
1908,74,26,0
1909,74,26,0
1910,74,26,0
1911,74,26,0
1912,74,26,0
1913,74,26,0
1914,73,27,0
1915,73,27,0
1916,73,27,0
1917,73,27,0
1918,73,27,0
1919,73,27,0
1920,73,27,0
1921,73,27,0
1922,73,27,0
1923,73,27,0
1924,73,27,0
1925,73,27,0
1926,73,27,0
1927,73,27,0
1928,73,27,0
1929,73,27,0
1930,73,27,0
1931,72,28,0
1932,72,28,0
1933,72,28,0
1934,72,28,0
1935,72,28,0
1936,72,28,0
1937,72,28,0
1938,72,28,0
1939,72,28,0
1940,72,28,0
1941,71,29,0
1942,71,29,0
1943,71,29,0
1944,71,29,0
1945,71,29,0
1946,71,29,0
1947,71,29,0
1948,71,29,0
1949,71,29,0
1950,71,29,0
1951,71,29,0
1952,71,29,0
1953,71,29,0
1954,71,29,0
1955,71,29,0
1956,71,29,0
1957,71,29,0
1958,70,30,0
1959,70,30,0
1960,70,30,0
1961,70,30,0
1962,70,30,0
1963,70,30,0
1964,70,30,0
1965,70,30,0
1966,70,30,0
1967,70,30,0
1968,70,30,0
1969,70,30,0
1970,69,31,0
1971,69,31,0
1972,69,31,0
1973,69,31,0
1974,69,31,0
1975,69,31,0
1976,69,31,0
1977,69,31,0
1978,69,31,0
1979,69,31,0
1980,69,31,0
1981,69,31,0
1982,69,31,0
1983,69,31,0
1984,69,31,0
1985,69,31,0
1986,68,32,0
1987,68,32,0
1988,68,32,0
1989,68,32,0
1990,68,32,0
1991,68,32,0
1992,68,32,0
1993,68,32,0
1994,68,32,0
1995,68,32,0
1996,68,32,0
1997,68,32,0
1998,68,32,0
1999,68,32,0
2000,68,32,0
2001,68,32,0
2002,68,32,0
2003,68,32,0
2004,68,32,0
2005,68,32,0
2006,68,32,0
2007,68,32,0
2008,68,32,0
2009,68,32,0
2010,68,32,0
2011,68,32,0
2012,68,32,0
2013,68,32,0
2014,67,33,0
2015,67,33,0
2016,67,33,0
2017,67,33,0
2018,66,34,0
2019,65,35,0
2020,65,35,0
2021,65,35,0
2022,65,35,0
2023,65,35,0
2024,65,35,0
2025,65,35,0
2026,65,35,0
2027,65,35,0
2028,65,35,0
2029,65,35,0
2030,65,35,0
2031,65,35,0
2032,65,35,0
2033,65,35,0
2034,65,35,0
2035,65,35,0
2036,65,35,0
2037,65,35,0
2038,65,35,0
2039,65,35,0
2040,65,35,0
2041,65,35,0
2042,65,35,0
2043,65,35,0
2044,65,35,0
2045,65,35,0
2046,65,35,0
2047,65,35,0
2048,65,35,0
2049,65,35,0
2050,65,35,0
2051,65,35,0
2052,65,35,0
2053,65,35,0
2054,65,35,0
2055,65,35,0
2056,65,35,0
2057,65,35,0
2058,65,35,0
2059,65,35,0
2060,64,36,0
2061,64,36,0
2062,64,36,0
2063,64,36,0
2064,64,36,0
2065,64,36,0
2066,64,36,0
2067,64,36,0
2068,64,36,0
2069,64,36,0
2070,64,36,0
2071,64,36,0
2072,64,36,0
2073,64,36,0
2074,64,36,0
2075,64,36,0
2076,64,36,0
2077,64,36,0
2078,63,37,0
2079,63,37,0
2080,63,37,0
2081,63,37,0
2082,63,37,0
2083,63,37,0
2084,63,37,0
2085,63,37,0
2086,63,37,0
2087,63,37,0
2088,63,37,0
2089,63,37,0
2090,63,37,0
2091,63,37,0
2092,63,37,0
2093,63,37,0
2094,63,37,0
2095,63,37,0
2096,63,37,0
2097,63,37,0
2098,63,37,0
2099,63,37,0
2100,63,37,0
2101,63,37,0
2102,63,37,0
2103,63,37,0
2104,63,37,0
2105,62,38,0
2106,62,38,0
2107,62,38,0
2108,62,38,0
2109,62,38,0
2110,62,38,0
2111,62,38,0
2112,62,38,0
2113,62,38,0
2114,62,38,0
2115,62,38,0
2116,62,38,0
2117,61,39,0
2118,61,39,0
2119,61,39,0
2120,61,39,0
2121,61,39,0
2122,61,39,0
2123,61,39,0
2124,61,39,0
2125,61,39,0
2126,61,39,0
2127,61,39,0
2128,61,39,0
2129,61,39,0
2130,61,39,0
2131,61,39,0
2132,61,39,0
2133,61,39,0
2134,61,39,0
2135,61,39,0
2136,61,39,0
2137,61,39,0
2138,61,39,0
2139,61,39,0
2140,61,39,0
2141,61,39,0
2142,61,39,0
2143,61,39,0
2144,61,39,0
2145,61,39,0
2146,61,39,0
2147,61,39,0
2148,61,39,0
2149,61,39,0
2150,61,39,0
2151,61,39,0
2152,61,39,0
2153,61,39,0
2154,61,39,0
2155,61,39,0
2156,61,39,0
2157,60,40,0
2158,60,40,0
2159,60,40,0
2160,58,42,0
2161,57,43,0
2162,57,43,0
2163,57,43,0
2164,57,43,0
2165,56,44,0
2166,56,44,0
2167,56,44,0
2168,56,44,0
2169,56,44,0
2170,56,44,0
2171,56,44,0
2172,56,44,0
2173,56,44,0
2174,56,44,0
2175,56,44,0
2176,56,44,0
2177,56,44,0
2178,56,44,0
2179,56,44,0
2180,56,44,0
2181,56,44,0
2182,56,44,0
2183,56,44,0
2184,56,44,0
2185,56,44,0
2186,56,44,0
2187,56,44,0
2188,56,44,0
2189,56,44,0
2190,56,44,0
2191,56,44,0
2192,56,44,0
2193,56,44,0
2194,56,44,0
2195,56,44,0
2196,56,44,0
2197,56,44,0
2198,56,44,0
2199,56,44,0
2200,56,44,0
2201,56,44,0
2202,56,44,0
2203,56,44,0
2204,56,44,0
2205,56,44,0
2206,56,44,0
2207,56,44,0
2208,56,44,0
2209,56,44,0
2210,56,44,0
2211,56,44,0
2212,56,44,0
2213,56,44,0
2214,56,44,0
2215,56,44,0
2216,56,44,0
2217,56,44,0
2218,56,44,0
2219,56,44,0
2220,56,44,0
2221,56,44,0
2222,56,44,0
2223,56,44,0
2224,56,44,0
2225,56,44,0
2226,56,44,0
2227,56,44,0
2228,56,44,0
2229,56,44,0
2230,56,44,0
2231,56,44,0
2232,56,44,0
2233,56,44,0
2234,56,44,0
2235,56,44,0
2236,55,45,0
2237,55,45,0
2238,55,45,0
2239,55,45,0
2240,54,46,0
2241,53,47,0
2242,53,47,0
2243,52,48,0
2244,52,48,0
2245,52,48,0
2246,52,48,0
2247,52,48,0
2248,52,48,0
2249,52,48,0
2250,52,48,0
2251,52,48,0
2252,52,48,0
2253,52,48,0
2254,52,48,0
2255,52,48,0
2256,52,48,0
2257,52,48,0
2258,52,48,0
2259,52,48,0
2260,52,48,0
2261,52,48,0
2262,52,48,0
2263,52,48,0
2264,52,48,0
2265,52,48,0
2266,52,48,0
2267,52,48,0
2268,52,48,0
2269,52,48,0
2270,52,48,0
2271,52,48,0
2272,52,48,0
2273,52,48,0
2274,52,48,0
2275,52,48,0
2276,52,48,0
2277,52,48,0
2278,52,48,0
2279,52,48,0
2280,52,48,0
2281,52,48,0
2282,52,48,0
2283,52,48,0
2284,52,48,0
2285,52,48,0
2286,52,48,0
2287,52,48,0
2288,52,48,0
2289,51,49,0
2290,51,49,0
2291,51,49,0
2292,51,49,0
2293,51,49,0
2294,51,49,0
2295,50,50,0
2296,50,50,0
2297,50,50,0
2298,50,50,0
2299,50,50,0
2300,50,50,0
2301,50,50,0
2302,50,50,0
2303,50,50,0
2304,50,50,0
2305,50,50,0
2306,50,50,0
2307,50,50,0
2308,50,50,0
2309,50,50,0
2310,50,50,0
2311,50,50,0
2312,50,50,0
2313,50,50,0
2314,50,50,0
2315,50,50,0
2316,50,50,0
2317,50,50,0
2318,49,51,0
2319,49,51,0
2320,49,51,0
2321,49,51,0
2322,49,51,0
2323,49,51,0
2324,49,51,0
2325,49,51,0
2326,49,51,0
2327,49,51,0
2328,49,51,0
2329,49,51,0
2330,49,51,0
2331,48,52,0
2332,48,52,0
2333,48,52,0
2334,48,52,0
2335,48,52,0
2336,48,52,0
2337,48,52,0
2338,48,52,0
2339,48,52,0
2340,48,52,0
2341,48,52,0
2342,48,52,0
2343,48,52,0
2344,48,52,0
2345,48,52,0
2346,48,52,0
2347,48,52,0
2348,48,52,0
2349,48,52,0
2350,48,52,0
2351,48,52,0
2352,48,52,0
2353,48,52,0
2354,48,52,0
2355,47,53,0
2356,47,53,0
2357,47,53,0
2358,47,53,0
2359,47,53,0
2360,47,53,0
2361,47,53,0
2362,47,53,0
2363,47,53,0
2364,47,53,0
2365,47,53,0
2366,47,53,0
2367,47,53,0
2368,47,53,0
2369,47,53,0
2370,46,54,0
2371,46,54,0
2372,46,54,0
2373,46,54,0
2374,46,54,0
2375,46,54,0
2376,46,54,0
2377,46,54,0
2378,46,54,0
2379,46,54,0
2380,46,54,0
2381,46,54,0
2382,46,54,0
2383,46,54,0
2384,46,54,0
2385,46,54,0
2386,46,54,0
2387,46,54,0
2388,46,54,0
2389,46,54,0
2390,46,54,0
2391,46,54,0
2392,46,54,0
2393,46,54,0
2394,46,54,0
2395,46,54,0
2396,46,54,0
2397,46,54,0
2398,46,54,0
2399,46,54,0
2400,46,53,1
2401,46,53,1
2402,46,53,1
2403,46,53,1
2404,46,53,1
2405,46,53,1
2406,46,53,1
2407,46,53,1
2408,46,53,1
2409,46,53,1
2410,46,53,1
2411,46,53,1
2412,46,53,1
2413,46,53,1
2414,46,53,1
2415,46,53,1
2416,46,53,1
2417,46,53,1
2418,46,53,1
2419,46,53,1
2420,46,53,1
2421,46,53,1
2422,46,53,1
2423,46,53,1
2424,46,53,1
2425,46,53,1
2426,46,53,1
2427,46,53,1
2428,46,53,1
2429,46,53,1
2430,46,53,1
2431,46,53,1
2432,46,53,1
2433,46,53,1
2434,46,53,1
2435,45,54,1
2436,45,54,1
2437,45,54,1
2438,45,54,1
2439,45,54,1
2440,45,54,1
2441,45,54,1
2442,45,54,1
2443,45,54,1
2444,45,54,1
2445,45,54,1
2446,45,54,1
2447,45,54,1
2448,45,54,1
2449,45,54,1
2450,45,54,1
2451,45,54,1
2452,44,55,1
2453,44,55,1
2454,44,55,1
2455,44,55,1
2456,44,55,1
2457,44,55,1
2458,44,55,1
2459,44,55,1
2460,44,55,1
2461,44,55,1
2462,44,55,1
2463,44,55,1
2464,44,55,1
2465,44,55,1
2466,43,56,1
2467,43,56,1
2468,43,56,1
2469,43,56,1
2470,43,56,1
2471,43,56,1
2472,42,57,1
2473,42,57,1
2474,42,57,1
2475,42,57,1
2476,42,57,1
2477,42,57,1
2478,42,57,1
2479,42,57,1
2480,41,58,1
2481,41,58,1
2482,41,58,1
2483,41,58,1
2484,41,58,1
2485,41,58,1
2486,41,58,1
2487,41,58,1
2488,41,58,1
2489,41,58,1
2490,41,58,1
2491,41,58,1
2492,41,58,1
2493,41,58,1
2494,41,58,1
2495,41,58,1
2496,41,58,1
2497,41,58,1
2498,41,58,1
2499,41,58,1
2500,41,58,1
2501,41,58,1
2502,41,58,1
2503,41,58,1
2504,40,59,1
2505,40,59,1
2506,39,60,1
2507,39,60,1
2508,39,60,1
2509,39,60,1
2510,39,60,1
2511,39,60,1
2512,39,60,1
2513,39,60,1
2514,39,60,1
2515,39,60,1
2516,39,60,1
2517,39,60,1
2518,39,60,1
2519,39,60,1
2520,39,60,1
2521,39,60,1
2522,39,60,1
2523,39,60,1
2524,38,61,1
2525,37,62,1
2526,37,62,1
2527,37,62,1
2528,37,62,1
2529,37,62,1
2530,37,62,1
2531,37,62,1
2532,37,62,1
2533,37,62,1
2534,37,62,1
2535,37,62,1
2536,37,62,1
2537,37,62,1
2538,37,62,1
2539,37,62,1
2540,37,62,1
2541,37,62,1
2542,37,62,1
2543,37,62,1
2544,36,63,1
2545,36,63,1
2546,36,63,1
2547,36,63,1
2548,36,63,1
2549,36,63,1
2550,36,63,1
2551,36,63,1
2552,36,63,1
2553,35,64,1
2554,35,64,1
2555,35,64,1
2556,35,64,1
2557,35,64,1
2558,35,64,1
2559,35,64,1
2560,35,64,1
2561,35,64,1
2562,34,65,1
2563,34,65,1
2564,33,66,1
2565,33,66,1
2566,33,66,1
2567,33,66,1
2568,33,66,1
2569,33,66,1
2570,33,66,1
2571,33,66,1
2572,33,66,1
2573,33,66,1
2574,33,66,1
2575,33,66,1
2576,33,66,1
2577,33,66,1
2578,33,66,1
2579,33,66,1
2580,33,66,1
2581,33,66,1
2582,33,66,1
2583,33,66,1
2584,33,66,1
2585,33,66,1
2586,33,66,1
2587,33,66,1
2588,33,66,1
2589,33,66,1
2590,33,66,1
2591,33,66,1
2592,33,66,1
2593,33,66,1
2594,33,66,1
2595,33,66,1
2596,33,66,1
2597,33,66,1
2598,33,66,1
2599,33,66,1
2600,33,66,1
2601,33,66,1
2602,33,66,1
2603,33,66,1
2604,33,66,1
2605,33,66,1
2606,33,66,1
2607,33,66,1
2608,33,66,1
2609,33,66,1
2610,33,66,1
2611,33,66,1
2612,33,66,1
2613,33,66,1
2614,33,66,1
2615,33,66,1
2616,33,66,1
2617,33,66,1
2618,33,66,1
2619,33,66,1
2620,33,66,1
2621,33,66,1
2622,33,66,1
2623,33,66,1
2624,33,66,1
2625,33,66,1
2626,33,66,1
2627,33,66,1
2628,33,66,1
2629,33,66,1
2630,33,66,1
2631,33,66,1
2632,33,66,1
2633,33,66,1
2634,33,66,1
2635,33,66,1
2636,33,66,1
2637,33,66,1
2638,33,66,1
2639,33,66,1
2640,33,66,1
2641,33,66,1
2642,33,66,1
2643,33,66,1
2644,33,66,1
2645,33,66,1
2646,33,66,1
2647,33,66,1
2648,33,66,1
2649,33,66,1
2650,33,66,1
2651,33,66,1
2652,33,66,1
2653,33,66,1
2654,33,66,1
2655,33,66,1
2656,33,66,1
2657,33,66,1
2658,33,66,1
2659,33,66,1
2660,33,66,1
2661,33,66,1
2662,33,66,1
2663,33,66,1
2664,33,66,1
2665,33,66,1
2666,33,66,1
2667,33,66,1
2668,33,66,1
2669,33,66,1
2670,33,66,1
2671,33,66,1
2672,33,66,1
2673,33,66,1
2674,33,66,1
2675,33,66,1
2676,33,66,1
2677,33,66,1
2678,33,66,1
2679,33,66,1
2680,33,66,1
2681,33,66,1
2682,33,66,1
2683,33,66,1
2684,33,66,1
2685,33,66,1
2686,33,66,1
2687,33,66,1
2688,33,66,1
2689,33,66,1
2690,33,66,1
2691,33,66,1
2692,33,66,1
2693,33,66,1
2694,33,66,1
2695,33,66,1
2696,33,66,1
2697,33,66,1
2698,33,66,1
2699,33,66,1
2700,33,66,1
2701,33,66,1
2702,33,66,1
2703,33,66,1
2704,33,66,1
2705,33,66,1
2706,33,66,1
2707,33,66,1
2708,33,66,1
2709,33,66,1
2710,33,65,2
2711,33,64,3
2712,33,64,3
2713,33,64,3
2714,33,64,3
2715,33,64,3
2716,33,64,3
2717,33,64,3
2718,33,64,3
2719,33,64,3
2720,33,64,3
2721,33,64,3
2722,33,64,3
2723,33,64,3
2724,33,64,3
2725,33,64,3
2726,33,64,3
2727,33,64,3
2728,33,64,3
2729,33,64,3
2730,33,64,3
2731,33,64,3
2732,33,64,3
2733,33,64,3
2734,33,64,3
2735,33,64,3
2736,33,64,3
2737,33,64,3
2738,33,64,3
2739,33,64,3
2740,33,64,3
2741,33,64,3
2742,33,64,3
2743,33,64,3
2744,33,64,3
2745,33,64,3
2746,33,64,3
2747,33,64,3
2748,33,64,3
2749,33,64,3
2750,33,64,3
2751,33,64,3
2752,33,64,3
2753,33,64,3
2754,33,64,3
2755,33,64,3
2756,33,64,3
2757,33,64,3
2758,33,64,3
2759,33,64,3
2760,33,64,3
2761,33,64,3
2762,33,64,3
2763,33,64,3
2764,33,64,3
2765,33,64,3
2766,33,64,3
2767,33,64,3
2768,33,64,3
2769,33,64,3
2770,33,64,3
2771,33,64,3
2772,33,64,3
2773,33,64,3
2774,33,64,3
2775,33,64,3
2776,33,64,3
2777,33,64,3
2778,33,64,3
2779,33,64,3
2780,33,64,3
2781,33,64,3
2782,33,64,3
2783,33,64,3
2784,33,64,3
2785,33,64,3
2786,33,64,3
2787,33,64,3
2788,33,64,3
2789,33,64,3
2790,33,64,3
2791,32,65,3
2792,32,65,3
2793,32,65,3
2794,32,65,3
2795,32,65,3
2796,32,65,3
2797,32,65,3
2798,32,65,3
2799,32,65,3
2800,32,65,3
2801,32,65,3
2802,32,65,3
2803,32,65,3
2804,32,65,3
2805,32,65,3
2806,32,65,3
2807,32,65,3
2808,32,65,3
2809,32,65,3
2810,32,65,3
2811,32,65,3
2812,32,65,3
2813,32,65,3
2814,32,65,3
2815,32,65,3
2816,32,65,3
2817,32,65,3
2818,32,65,3
2819,32,65,3
2820,32,65,3
2821,32,65,3
2822,31,66,3
2823,31,66,3
2824,31,66,3
2825,31,66,3
2826,31,66,3
2827,31,66,3
2828,31,66,3
2829,31,66,3
2830,31,66,3
2831,31,66,3
2832,31,66,3
2833,31,66,3
2834,31,66,3
2835,31,66,3
2836,31,66,3
2837,31,66,3
2838,31,66,3
2839,31,66,3
2840,31,66,3
2841,31,66,3
2842,30,67,3
2843,30,67,3
2844,30,67,3
2845,30,67,3
2846,30,67,3
2847,30,67,3
2848,30,67,3
2849,30,67,3
2850,30,67,3
2851,30,67,3
2852,30,67,3
2853,30,67,3
2854,30,67,3
2855,30,67,3
2856,30,67,3
2857,30,67,3
2858,30,67,3
2859,30,67,3
2860,30,67,3
2861,30,67,3
2862,30,67,3
2863,30,67,3
2864,30,67,3
2865,30,67,3
2866,30,67,3
2867,30,67,3
2868,30,67,3
2869,30,67,3
2870,30,67,3
2871,30,67,3
2872,30,67,3
2873,30,67,3
2874,30,67,3
2875,30,67,3
2876,30,67,3
2877,30,67,3
2878,30,67,3
2879,30,67,3
2880,30,67,3
2881,30,67,3
2882,30,67,3
2883,30,67,3
2884,30,67,3
2885,30,67,3
2886,30,67,3
2887,30,67,3
2888,30,67,3
2889,30,67,3
2890,30,67,3
2891,30,67,3
2892,30,67,3
2893,30,67,3
2894,29,68,3
2895,29,68,3
2896,29,68,3
2897,29,68,3
2898,29,68,3
2899,29,68,3
2900,29,68,3
2901,29,68,3
2902,29,68,3
2903,29,68,3
2904,29,68,3
2905,29,68,3
2906,29,68,3
2907,29,68,3
2908,29,68,3
2909,29,68,3
2910,29,68,3
2911,29,68,3
2912,29,68,3
2913,29,68,3
2914,29,68,3
2915,29,68,3
2916,29,68,3
2917,29,68,3
2918,29,68,3
2919,28,69,3
2920,28,69,3
2921,28,69,3
2922,28,69,3
2923,28,69,3
2924,28,69,3
2925,28,69,3
2926,28,69,3
2927,28,69,3
2928,28,69,3
2929,28,69,3
2930,28,69,3
2931,28,69,3
2932,28,69,3
2933,28,69,3
2934,28,69,3
2935,28,69,3
2936,28,69,3
2937,28,69,3
2938,28,69,3
2939,28,69,3
2940,28,69,3
2941,28,69,3
2942,28,69,3
2943,28,69,3
2944,28,69,3
2945,28,69,3
2946,28,69,3
2947,28,69,3
2948,28,69,3
2949,28,69,3
2950,28,69,3
2951,28,69,3
2952,28,69,3
2953,28,69,3
2954,28,69,3
2955,28,69,3
2956,28,69,3
2957,27,70,3
2958,27,70,3
2959,27,70,3
2960,27,70,3
2961,27,70,3
2962,27,70,3
2963,27,70,3
2964,27,70,3
2965,27,70,3
2966,27,70,3
2967,27,70,3
2968,27,70,3
2969,27,70,3
2970,27,70,3
2971,27,70,3
2972,27,70,3
2973,27,70,3
2974,27,70,3
2975,27,70,3
2976,27,70,3
2977,27,70,3
2978,27,70,3
2979,27,70,3
2980,27,70,3
2981,27,70,3
2982,27,70,3
2983,27,70,3
2984,27,70,3
2985,27,70,3
2986,27,70,3
2987,27,70,3
2988,27,70,3
2989,27,70,3
2990,27,70,3
2991,27,70,3
2992,27,70,3
2993,27,70,3
2994,27,70,3
2995,26,71,3
2996,26,71,3
2997,26,71,3
2998,26,71,3
2999,26,71,3
3000,26,71,3
3001,26,71,3
3002,26,71,3
3003,25,72,3
3004,25,72,3
3005,25,72,3
3006,25,72,3
3007,25,72,3
3008,25,72,3
3009,25,72,3
3010,25,72,3
3011,25,72,3
3012,25,72,3
3013,25,72,3
3014,25,72,3
3015,25,72,3
3016,25,72,3
3017,25,72,3
3018,25,72,3
3019,25,72,3
3020,25,72,3
3021,25,72,3
3022,25,72,3
3023,25,72,3
3024,25,72,3
3025,25,72,3
3026,25,72,3
3027,25,72,3
3028,25,72,3
3029,25,72,3
3030,25,72,3
3031,25,72,3
3032,25,72,3
3033,25,72,3
3034,25,72,3
3035,25,72,3
3036,25,72,3
3037,25,72,3
3038,25,72,3
3039,25,72,3
3040,25,72,3
3041,25,72,3
3042,25,72,3
3043,25,72,3
3044,25,72,3
3045,25,72,3
3046,25,72,3
3047,25,72,3
3048,25,72,3
3049,25,72,3
3050,25,72,3
3051,25,72,3
3052,25,72,3
3053,25,72,3
3054,25,72,3
3055,25,72,3
3056,25,72,3
3057,25,72,3
3058,25,72,3
3059,25,72,3
3060,25,72,3
3061,25,72,3
3062,25,72,3
3063,25,72,3
3064,25,72,3
3065,25,72,3
3066,25,72,3
3067,25,72,3
3068,25,72,3
3069,25,72,3
3070,25,72,3
3071,25,72,3
3072,25,72,3
3073,25,72,3
3074,24,73,3
3075,24,73,3
3076,24,73,3
3077,24,73,3
3078,24,73,3
3079,24,73,3
3080,24,73,3
3081,24,73,3
3082,24,73,3
3083,24,73,3
3084,24,73,3
3085,24,73,3
3086,24,73,3
3087,24,73,3
3088,24,73,3
3089,24,73,3
3090,24,73,3
3091,24,73,3
3092,24,73,3
3093,24,73,3
3094,24,73,3
3095,24,73,3
3096,24,73,3
3097,24,73,3
3098,24,73,3
3099,24,73,3
3100,24,73,3
3101,24,73,3
3102,24,73,3
3103,24,73,3
3104,24,73,3
3105,24,73,3
3106,24,73,3
3107,24,73,3
3108,24,73,3
3109,24,73,3
3110,24,73,3
3111,24,73,3
3112,24,73,3
3113,24,73,3
3114,24,72,4
3115,24,72,4
3116,24,72,4
3117,24,72,4
3118,24,72,4
3119,24,72,4
3120,24,71,5
3121,24,71,5
3122,24,71,5
3123,24,71,5
3124,24,71,5
3125,24,71,5
3126,24,71,5
3127,24,71,5
3128,24,71,5
3129,24,71,5
3130,24,71,5
3131,24,71,5
3132,24,71,5
3133,24,71,5
3134,24,71,5
3135,24,71,5
3136,24,71,5
3137,24,71,5
3138,24,71,5
3139,24,71,5
3140,24,71,5
3141,24,71,5
3142,24,71,5
3143,24,71,5
3144,24,71,5
3145,24,71,5
3146,24,71,5
3147,24,71,5
3148,24,71,5
3149,24,71,5
3150,24,71,5
3151,24,71,5
3152,24,71,5
3153,24,71,5
3154,24,71,5
3155,24,71,5
3156,24,71,5
3157,24,71,5
3158,24,71,5
3159,24,71,5
3160,24,71,5
3161,24,71,5
3162,24,71,5
3163,24,71,5
3164,24,71,5
3165,24,71,5
3166,24,71,5
3167,24,71,5
3168,24,71,5
3169,24,71,5
3170,24,71,5
3171,24,71,5
3172,24,71,5
3173,24,71,5
3174,24,71,5
3175,24,71,5
3176,24,71,5
3177,24,71,5
3178,24,71,5
3179,24,71,5
3180,24,71,5
3181,24,71,5
3182,24,71,5
3183,24,71,5
3184,24,71,5
3185,24,71,5
3186,24,71,5
3187,24,71,5
3188,24,71,5
3189,24,71,5
3190,24,71,5
3191,24,71,5
3192,24,71,5
3193,24,71,5
3194,23,72,5
3195,23,72,5
3196,23,72,5
3197,23,72,5
3198,23,72,5
3199,23,72,5
3200,23,72,5
3201,23,72,5
3202,23,72,5
3203,23,72,5
3204,22,73,5
3205,22,73,5
3206,22,73,5
3207,22,72,6
3208,22,72,6
3209,22,72,6
3210,22,72,6
3211,22,72,6
3212,22,72,6
3213,22,72,6
3214,22,72,6
3215,22,72,6
3216,22,72,6
3217,22,72,6
3218,22,72,6
3219,22,72,6
3220,22,72,6
3221,22,72,6
3222,22,72,6
3223,22,72,6
3224,22,72,6
3225,22,72,6
3226,22,72,6
3227,22,72,6
3228,22,72,6
3229,22,72,6
3230,22,72,6
3231,22,72,6
3232,22,72,6
3233,22,72,6
3234,22,72,6
3235,22,72,6
3236,22,72,6
3237,22,72,6
3238,22,72,6
3239,22,72,6
3240,22,72,6
3241,22,72,6
3242,22,72,6
3243,22,72,6
3244,22,72,6
3245,22,72,6
3246,22,72,6
3247,22,72,6
3248,22,72,6
3249,22,72,6
3250,22,72,6
3251,22,72,6
3252,21,73,6
3253,21,73,6
3254,21,73,6
3255,21,73,6
3256,21,73,6
3257,21,73,6
3258,21,73,6
3259,21,73,6
3260,21,73,6
3261,21,73,6
3262,21,73,6
3263,21,73,6
3264,21,73,6
3265,21,73,6
3266,21,73,6
3267,21,73,6
3268,21,73,6
3269,21,73,6
3270,21,73,6
3271,21,73,6
3272,21,73,6
3273,20,74,6
3274,20,74,6
3275,20,73,7
3276,20,73,7
3277,20,73,7
3278,20,73,7
3279,20,73,7
3280,20,73,7
3281,20,73,7
3282,20,73,7
3283,20,73,7
3284,20,73,7
3285,20,73,7
3286,20,73,7
3287,20,73,7
3288,20,73,7
3289,20,73,7
3290,20,73,7
3291,20,73,7
3292,20,73,7
3293,20,73,7
3294,20,73,7
3295,20,73,7
3296,20,73,7
3297,20,73,7
3298,20,73,7
3299,20,73,7
3300,20,73,7
3301,20,73,7
3302,20,73,7
3303,20,73,7
3304,20,73,7
3305,20,73,7
3306,20,73,7
3307,20,73,7
3308,20,73,7
3309,20,73,7
3310,20,73,7
3311,20,73,7
3312,20,73,7
3313,20,73,7
3314,20,73,7
3315,20,73,7
3316,20,73,7
3317,20,73,7
3318,20,73,7
3319,20,73,7
3320,20,73,7
3321,20,73,7
3322,20,73,7
3323,20,73,7
3324,20,73,7
3325,20,73,7
3326,20,73,7
3327,20,73,7
3328,20,73,7
3329,20,73,7
3330,20,73,7
3331,20,73,7
3332,20,73,7
3333,20,73,7
3334,20,73,7
3335,20,73,7
3336,20,73,7
3337,20,73,7
3338,20,73,7
3339,20,73,7
3340,20,73,7
3341,19,74,7
3342,19,74,7
3343,19,74,7
3344,19,74,7
3345,18,75,7
3346,18,75,7
3347,18,75,7
3348,18,75,7
3349,18,75,7
3350,18,75,7
3351,18,75,7
3352,18,75,7
3353,18,75,7
3354,18,75,7
3355,18,75,7
3356,18,75,7
3357,17,76,7
3358,17,76,7
3359,17,76,7
3360,17,76,7
3361,17,76,7
3362,17,76,7
3363,17,76,7
3364,17,75,8
3365,17,75,8
3366,17,75,8
3367,17,75,8
3368,17,75,8
3369,17,75,8
3370,17,75,8
3371,17,75,8
3372,17,75,8
3373,17,75,8
3374,17,75,8
3375,17,75,8
3376,17,75,8
3377,17,75,8
3378,16,76,8
3379,16,76,8
3380,16,76,8
3381,16,76,8
3382,16,75,9
3383,16,75,9
3384,16,75,9
3385,16,75,9
3386,16,75,9
3387,16,75,9
3388,16,75,9
3389,16,75,9
3390,16,75,9
3391,16,75,9
3392,16,75,9
3393,16,75,9
3394,16,75,9
3395,16,75,9
3396,16,75,9
3397,16,75,9
3398,16,75,9
3399,16,75,9
3400,16,75,9
3401,16,75,9
3402,16,75,9
3403,16,75,9
3404,16,75,9
3405,16,75,9
3406,16,75,9
3407,16,75,9
3408,16,75,9
3409,16,75,9
3410,16,75,9
3411,16,75,9
3412,16,75,9
3413,16,75,9
3414,16,75,9
3415,16,75,9
3416,16,75,9
3417,16,75,9
3418,16,75,9
3419,16,75,9
3420,16,75,9
3421,15,76,9
3422,15,76,9
3423,15,76,9
3424,15,76,9
3425,15,76,9
3426,15,76,9
3427,15,76,9
3428,15,76,9
3429,15,76,9
3430,14,77,9
3431,14,77,9
3432,14,77,9
3433,14,77,9
3434,14,77,9
3435,14,77,9
3436,14,77,9
3437,14,77,9
3438,14,77,9
3439,14,77,9
3440,14,77,9
3441,14,77,9
3442,14,77,9
3443,14,77,9
3444,14,77,9
3445,14,77,9
3446,14,77,9
3447,14,77,9
3448,14,77,9
3449,14,77,9
3450,14,77,9
3451,14,77,9
3452,14,77,9
3453,14,77,9
3454,14,77,9
3455,14,77,9
3456,14,77,9
3457,14,77,9
3458,14,77,9
3459,14,77,9
3460,14,77,9
3461,14,77,9
3462,14,77,9
3463,13,78,9
3464,13,78,9
3465,13,78,9
3466,13,78,9
3467,13,78,9
3468,13,78,9
3469,13,78,9
3470,13,78,9
3471,13,78,9
3472,13,78,9
3473,13,78,9
3474,13,78,9
3475,13,78,9
3476,13,78,9
3477,13,78,9
3478,13,78,9
3479,13,78,9
3480,13,78,9
3481,13,78,9
3482,13,78,9
3483,13,78,9
3484,13,78,9
3485,13,78,9
3486,13,78,9
3487,13,78,9
3488,13,77,10
3489,13,77,10
3490,13,77,10
3491,13,77,10
3492,13,77,10
3493,13,77,10
3494,13,77,10
3495,13,77,10
3496,13,77,10
3497,13,77,10
3498,13,77,10
3499,13,77,10
3500,13,77,10
3501,13,77,10
3502,13,77,10
3503,13,77,10
3504,13,77,10
3505,13,77,10
3506,13,77,10
3507,13,77,10
3508,13,77,10
3509,13,77,10
3510,13,77,10
3511,13,77,10
3512,13,77,10
3513,13,77,10
3514,13,77,10
3515,13,77,10
3516,13,77,10
3517,13,77,10
3518,13,76,11
3519,13,76,11
3520,13,76,11
3521,12,77,11
3522,12,77,11
3523,12,77,11
3524,12,77,11
3525,12,77,11
3526,12,77,11
3527,12,77,11
3528,12,76,12
3529,12,76,12
3530,12,76,12
3531,12,76,12
3532,12,76,12
3533,12,76,12
3534,12,76,12
3535,12,76,12
3536,12,76,12
3537,12,76,12
3538,12,76,12
3539,12,76,12
3540,12,76,12
3541,12,76,12
3542,12,76,12
3543,12,76,12
3544,12,76,12
3545,12,76,12
3546,12,76,12
3547,12,76,12
3548,12,76,12
3549,12,76,12
3550,12,76,12
3551,12,76,12
3552,12,76,12
3553,12,76,12
3554,12,76,12
3555,12,76,12
3556,12,76,12
3557,12,76,12
3558,12,76,12
3559,12,76,12
3560,12,76,12
3561,12,76,12
3562,12,75,13
3563,12,75,13
3564,12,75,13
3565,12,75,13
3566,12,75,13
3567,12,75,13
3568,12,75,13
3569,12,75,13
3570,12,75,13
3571,12,75,13
3572,12,75,13
3573,12,75,13
3574,12,75,13
3575,12,75,13
3576,12,75,13
3577,12,75,13
3578,11,76,13
3579,11,76,13
3580,11,76,13
3581,11,76,13
3582,11,76,13
3583,11,76,13
3584,11,76,13
3585,11,76,13
3586,11,76,13
3587,11,76,13
3588,11,76,13
3589,11,76,13
3590,11,76,13
3591,11,76,13
3592,11,76,13
3593,11,76,13
3594,10,77,13
3595,10,77,13
3596,10,77,13
3597,10,77,13
3598,10,77,13
3599,10,77,13
3600,10,77,13
3601,10,77,13
3602,10,77,13
3603,10,77,13
3604,10,77,13
3605,10,77,13
3606,10,77,13
3607,10,77,13
3608,10,77,13
3609,10,77,13
3610,10,77,13
3611,10,77,13
3612,10,77,13
3613,10,77,13
3614,10,77,13
3615,10,77,13
3616,10,77,13
3617,10,77,13
3618,10,77,13
3619,10,77,13
3620,10,77,13
3621,10,77,13
3622,10,77,13
3623,10,77,13
3624,10,77,13
3625,10,77,13
3626,10,77,13
3627,10,77,13
3628,10,77,13
3629,10,77,13
3630,10,77,13
3631,10,77,13
3632,10,77,13
3633,10,77,13
3634,10,77,13
3635,10,77,13
3636,10,77,13
3637,10,77,13
3638,10,77,13
3639,10,77,13
3640,10,76,14
3641,10,76,14
3642,10,76,14
3643,10,76,14
3644,10,76,14
3645,10,76,14
3646,10,76,14
3647,10,76,14
3648,10,75,15
3649,10,75,15
3650,10,75,15
3651,10,75,15
3652,10,75,15
3653,10,75,15
3654,10,75,15
3655,10,75,15
3656,10,75,15
3657,10,75,15
3658,10,75,15
3659,10,75,15
3660,10,75,15
3661,10,75,15
3662,10,75,15
3663,10,75,15
3664,10,74,16
3665,10,74,16
3666,10,74,16
3667,10,74,16
3668,10,74,16
3669,10,74,16
3670,10,74,16
3671,10,74,16
3672,10,74,16
3673,10,74,16
3674,10,74,16
3675,10,74,16
3676,10,74,16
3677,10,74,16
3678,10,74,16
3679,10,74,16
3680,10,74,16
3681,10,74,16
3682,10,74,16
3683,10,74,16
3684,10,74,16
3685,10,74,16
3686,10,73,17
3687,9,74,17
3688,9,74,17
3689,9,74,17
3690,9,74,17
3691,9,74,17
3692,9,74,17
3693,9,74,17
3694,9,74,17
3695,9,74,17
3696,9,74,17
3697,9,74,17
3698,9,74,17
3699,9,74,17
3700,9,74,17
3701,9,74,17
3702,9,74,17
3703,9,74,17
3704,9,74,17
3705,9,74,17
3706,9,74,17
3707,9,74,17
3708,9,74,17
3709,9,74,17
3710,9,74,17
3711,9,74,17
3712,9,74,17
3713,9,74,17
3714,9,74,17
3715,9,73,18
3716,9,73,18
3717,9,73,18
3718,9,73,18
3719,9,73,18
3720,9,73,18
3721,9,73,18
3722,9,73,18
3723,9,73,18
3724,9,73,18
3725,9,73,18
3726,9,73,18
3727,9,73,18
3728,9,73,18
3729,9,73,18
3730,9,72,19
3731,9,72,19
3732,9,72,19
3733,9,72,19
3734,9,72,19
3735,9,72,19
3736,9,72,19
3737,9,72,19
3738,9,72,19
3739,9,72,19
3740,9,72,19
3741,9,72,19
3742,9,72,19
3743,9,72,19
3744,9,72,19
3745,9,72,19
3746,9,72,19
3747,9,72,19
3748,9,72,19
3749,9,72,19
3750,9,72,19
3751,8,73,19
3752,8,73,19
3753,8,73,19
3754,8,73,19
3755,8,73,19
3756,8,73,19
3757,8,73,19
3758,8,73,19
3759,8,73,19
3760,8,73,19
3761,8,73,19
3762,8,73,19
3763,8,73,19
3764,8,73,19
3765,8,73,19
3766,8,73,19
3767,8,73,19
3768,8,73,19
3769,8,73,19
3770,7,74,19
3771,7,74,19
3772,7,74,19
3773,7,74,19
3774,7,74,19
3775,7,74,19
3776,7,74,19
3777,7,74,19
3778,7,74,19
3779,7,74,19
3780,7,74,19
3781,7,74,19
3782,7,74,19
3783,7,74,19
3784,7,74,19
3785,7,74,19
3786,7,74,19
3787,7,74,19
3788,7,74,19
3789,7,74,19
3790,7,74,19
3791,7,74,19
3792,7,74,19
3793,7,74,19
3794,7,74,19
3795,7,74,19
3796,7,74,19
3797,7,74,19
3798,7,74,19
3799,7,74,19
3800,7,74,19
3801,7,74,19
3802,7,74,19
3803,7,74,19
3804,7,74,19
3805,7,74,19
3806,7,74,19
3807,6,75,19
3808,6,75,19
3809,6,75,19
3810,6,75,19
3811,6,75,19
3812,6,75,19
3813,6,75,19
3814,6,75,19
3815,6,75,19
3816,6,75,19
3817,6,75,19
3818,6,75,19
3819,6,75,19
3820,6,75,19
3821,6,75,19
3822,6,75,19
3823,6,75,19
3824,6,75,19
3825,6,75,19
3826,6,75,19
3827,6,75,19
3828,6,75,19
3829,6,75,19
3830,6,75,19
3831,6,75,19
3832,6,75,19
3833,6,75,19
3834,6,75,19
3835,6,75,19
3836,6,75,19
3837,6,75,19
3838,6,75,19
3839,6,75,19
3840,6,75,19
3841,6,75,19
3842,6,75,19
3843,6,75,19
3844,6,75,19
3845,6,75,19
3846,6,75,19
3847,6,75,19
3848,6,75,19
3849,6,75,19
3850,6,75,19
3851,6,75,19
3852,6,75,19
3853,6,75,19
3854,6,75,19
3855,6,75,19
3856,5,76,19
3857,5,76,19
3858,5,76,19
3859,5,76,19
3860,5,76,19
3861,5,76,19
3862,5,76,19
3863,5,76,19
3864,5,76,19
3865,5,76,19
3866,5,76,19
3867,4,77,19
3868,4,77,19
3869,4,77,19
3870,4,77,19
3871,4,77,19
3872,4,77,19
3873,4,77,19
3874,4,77,19
3875,4,77,19
3876,4,77,19
3877,4,77,19
3878,4,77,19
3879,4,77,19
3880,4,77,19
3881,4,77,19
3882,4,77,19
3883,4,77,19
3884,4,77,19
3885,4,77,19
3886,4,77,19
3887,4,77,19
3888,4,77,19
3889,4,77,19
3890,4,77,19
3891,4,77,19
3892,4,77,19
3893,4,77,19
3894,4,77,19
3895,3,78,19
3896,3,78,19
3897,3,78,19
3898,3,78,19
3899,3,78,19
3900,3,78,19
3901,3,78,19
3902,3,78,19
3903,3,78,19
3904,3,77,20
3905,3,77,20
3906,3,77,20
3907,3,77,20
3908,3,77,20
3909,3,77,20
3910,3,77,20
3911,3,77,20
3912,3,77,20
3913,3,77,20
3914,3,77,20
3915,3,77,20
3916,3,77,20
3917,3,77,20
3918,3,77,20
3919,3,77,20
3920,3,77,20
3921,3,77,20
3922,3,77,20
3923,3,77,20
3924,3,77,20
3925,3,77,20
3926,3,77,20
3927,3,77,20
3928,3,77,20
3929,3,77,20
3930,3,77,20
3931,3,77,20
3932,3,77,20
3933,3,77,20
3934,3,77,20
3935,3,77,20
3936,3,77,20
3937,3,77,20
3938,3,77,20
3939,3,77,20
3940,3,77,20
3941,3,77,20
3942,3,77,20
3943,3,77,20
3944,3,77,20
3945,3,77,20
3946,3,77,20
3947,3,77,20
3948,3,77,20
3949,3,77,20
3950,3,77,20
3951,3,77,20
3952,3,77,20
3953,3,77,20
3954,3,77,20
3955,3,77,20
3956,3,77,20
3957,3,77,20
3958,3,77,20
3959,3,77,20
3960,3,77,20
3961,3,77,20
3962,3,77,20
3963,3,77,20
3964,3,77,20
3965,3,77,20
3966,3,77,20
3967,3,77,20
3968,3,76,21
3969,3,76,21
3970,2,77,21
3971,2,77,21
3972,2,77,21
3973,2,77,21
3974,2,77,21
3975,2,77,21
3976,2,77,21
3977,2,76,22
3978,2,76,22
3979,2,76,22
3980,2,76,22
3981,2,76,22
3982,2,76,22
3983,2,76,22
3984,2,76,22
3985,2,76,22
3986,2,76,22
3987,2,76,22
3988,2,76,22
3989,2,76,22
3990,2,76,22
3991,2,76,22
3992,2,76,22
3993,2,76,22
3994,2,76,22
3995,2,76,22
3996,2,76,22
3997,2,76,22
3998,2,76,22
3999,2,76,22
4000,2,76,22
4001,2,76,22
4002,2,76,22
4003,2,76,22
4004,2,76,22
4005,2,76,22
4006,2,76,22
4007,2,76,22
4008,2,76,22
4009,2,76,22
4010,2,76,22
4011,2,76,22
4012,1,77,22
4013,1,77,22
4014,1,77,22
4015,1,77,22
4016,1,77,22
4017,1,77,22
4018,1,77,22
4019,1,77,22
4020,1,77,22
4021,1,77,22
4022,1,77,22
4023,1,77,22
4024,1,77,22
4025,1,77,22
4026,1,77,22
4027,1,77,22
4028,1,77,22
4029,1,77,22
4030,1,77,22
4031,1,77,22
4032,1,77,22
4033,1,77,22
4034,1,77,22
4035,1,77,22
4036,1,77,22
4037,1,77,22
4038,1,77,22
4039,1,77,22
4040,1,77,22
4041,1,77,22
4042,1,77,22
4043,1,77,22
4044,1,77,22
4045,1,77,22
4046,1,77,22
4047,1,77,22
4048,1,77,22
4049,1,77,22
4050,1,77,22
4051,1,77,22
4052,1,77,22
4053,1,77,22
4054,1,77,22
4055,1,77,22
4056,1,77,22
4057,1,77,22
4058,1,77,22
4059,1,77,22
4060,1,77,22
4061,1,77,22
4062,1,77,22
4063,1,77,22
4064,1,77,22
4065,1,77,22
4066,1,77,22
4067,1,77,22
4068,1,77,22
4069,1,77,22
4070,1,77,22
4071,1,77,22
4072,1,77,22
4073,1,77,22
4074,1,77,22
4075,1,77,22
4076,1,77,22
4077,1,77,22
4078,1,77,22
4079,1,77,22
4080,1,77,22
4081,1,77,22
4082,1,77,22
4083,1,77,22
4084,1,77,22
4085,1,77,22
4086,1,77,22
4087,1,77,22
4088,1,77,22
4089,1,77,22
4090,1,77,22
4091,1,77,22
4092,1,77,22
4093,1,77,22
4094,1,76,23
4095,1,76,23
4096,1,76,23
4097,1,76,23
4098,1,76,23
4099,1,76,23
4100,1,76,23
4101,1,76,23
4102,1,76,23
4103,1,76,23
4104,1,76,23
4105,1,76,23
4106,1,76,23
4107,1,76,23
4108,1,76,23
4109,1,76,23
4110,1,76,23
4111,1,76,23
4112,1,76,23
4113,1,76,23
4114,1,76,23
4115,1,76,23
4116,1,76,23
4117,1,76,23
4118,1,76,23
4119,1,76,23
4120,1,76,23
4121,1,76,23
4122,1,76,23
4123,1,76,23
4124,1,76,23
4125,1,76,23
4126,1,75,24
4127,1,75,24
4128,1,75,24
4129,1,75,24
4130,1,75,24
4131,1,75,24
4132,1,75,24
4133,1,75,24
4134,1,75,24
4135,1,75,24
4136,1,75,24
4137,1,75,24
4138,1,75,24
4139,1,75,24
4140,1,75,24
4141,1,75,24
4142,1,75,24
4143,1,75,24
4144,1,75,24
4145,1,75,24
4146,1,75,24
4147,1,75,24
4148,1,75,24
4149,1,75,24
4150,1,75,24
4151,1,75,24
4152,1,75,24
4153,1,74,25
4154,1,74,25
4155,1,74,25
4156,1,74,25
4157,1,74,25
4158,1,74,25
4159,1,74,25
4160,1,74,25
4161,1,74,25
4162,1,74,25
4163,1,74,25
4164,1,74,25
4165,1,74,25
4166,1,74,25
4167,1,74,25
4168,1,74,25
4169,1,74,25
4170,1,74,25
4171,1,74,25
4172,1,74,25
4173,1,74,25
4174,1,74,25
4175,1,74,25
4176,1,74,25
4177,1,74,25
4178,1,74,25
4179,1,74,25
4180,1,74,25
4181,1,74,25
4182,1,74,25
4183,1,74,25
4184,1,74,25
4185,1,74,25
4186,1,74,25
4187,1,74,25
4188,1,74,25
4189,1,74,25
4190,1,74,25
4191,1,73,26
4192,1,73,26
4193,1,73,26
4194,1,73,26
4195,1,73,26
4196,1,73,26
4197,1,73,26
4198,1,73,26
4199,1,73,26
4200,1,73,26
4201,1,73,26
4202,1,73,26
4203,1,73,26
4204,1,73,26
4205,1,73,26
4206,1,73,26
4207,1,73,26
4208,1,73,26
4209,1,73,26
4210,1,73,26
4211,1,73,26
4212,1,73,26
4213,1,73,26
4214,1,73,26
4215,1,73,26
4216,1,73,26
4217,0,74,26
4218,0,74,26
4219,0,74,26
4220,0,74,26
4221,0,74,26
4222,0,74,26
4223,0,74,26
4224,0,74,26
4225,0,74,26
4226,0,74,26
4227,0,74,26
4228,0,74,26
4229,0,74,26
4230,0,74,26
4231,0,74,26
4232,0,74,26
4233,0,74,26
4234,0,74,26
4235,0,74,26
4236,0,74,26
4237,0,74,26
4238,0,74,26
4239,0,74,26
4240,0,74,26
4241,0,74,26
4242,0,74,26
4243,0,74,26
4244,0,74,26
4245,0,74,26
4246,0,74,26
4247,0,74,26
4248,0,74,26
4249,0,74,26
4250,0,74,26
4251,0,74,26
4252,0,74,26
4253,0,74,26
4254,0,74,26
4255,0,74,26
4256,0,74,26
4257,0,74,26
4258,0,74,26
4259,0,74,26
4260,0,74,26
4261,0,74,26
4262,0,74,26
4263,0,74,26
4264,0,74,26
4265,0,74,26
4266,0,74,26
4267,0,74,26
4268,0,74,26
4269,0,74,26
4270,0,74,26
4271,0,74,26
4272,0,74,26
4273,0,74,26
4274,0,74,26
4275,0,74,26
4276,0,74,26
4277,0,74,26
4278,0,74,26
4279,0,74,26
4280,0,74,26
4281,0,74,26
4282,0,74,26
4283,0,74,26
4284,0,74,26
4285,0,74,26
4286,0,74,26
4287,0,74,26
4288,0,74,26
4289,0,74,26
4290,0,74,26
4291,0,74,26
4292,0,74,26
4293,0,74,26
4294,0,74,26
4295,0,74,26
4296,0,74,26
4297,0,74,26
4298,0,74,26
4299,0,74,26
4300,0,74,26
4301,0,74,26
4302,0,74,26
4303,0,74,26
4304,0,74,26
4305,0,74,26
4306,0,74,26
4307,0,74,26
4308,0,74,26
4309,0,74,26
4310,0,74,26
4311,0,74,26
4312,0,74,26
4313,0,74,26
4314,0,73,27
4315,0,73,27
4316,0,73,27
4317,0,73,27
4318,0,73,27
4319,0,73,27
4320,0,73,27
4321,0,73,27
4322,0,73,27
4323,0,73,27
4324,0,73,27
4325,0,73,27
4326,0,73,27
4327,0,73,27
4328,0,73,27
4329,0,73,27
4330,0,73,27
4331,0,72,28
4332,0,72,28
4333,0,72,28
4334,0,72,28
4335,0,72,28
4336,0,72,28
4337,0,72,28
4338,0,72,28
4339,0,72,28
4340,0,72,28
4341,0,71,29
4342,0,71,29
4343,0,71,29
4344,0,71,29
4345,0,71,29
4346,0,71,29
4347,0,71,29
4348,0,71,29
4349,0,71,29
4350,0,71,29
4351,0,71,29
4352,0,71,29
4353,0,71,29
4354,0,71,29
4355,0,71,29
4356,0,71,29
4357,0,71,29
4358,0,70,30
4359,0,70,30
4360,0,70,30
4361,0,70,30
4362,0,70,30
4363,0,70,30
4364,0,70,30
4365,0,70,30
4366,0,70,30
4367,0,70,30
4368,0,70,30
4369,0,70,30
4370,0,69,31
4371,0,69,31
4372,0,69,31
4373,0,69,31
4374,0,69,31
4375,0,69,31
4376,0,69,31
4377,0,69,31
4378,0,69,31
4379,0,69,31
4380,0,69,31
4381,0,69,31
4382,0,69,31
4383,0,69,31
4384,0,69,31
4385,0,69,31
4386,0,68,32
4387,0,68,32
4388,0,68,32
4389,0,68,32
4390,0,68,32
4391,0,68,32
4392,0,68,32
4393,0,68,32
4394,0,68,32
4395,0,68,32
4396,0,68,32
4397,0,68,32
4398,0,68,32
4399,0,68,32
4400,0,68,32
4401,0,68,32
4402,0,68,32
4403,0,68,32
4404,0,68,32
4405,0,68,32
4406,0,68,32
4407,0,68,32
4408,0,68,32
4409,0,68,32
4410,0,68,32
4411,0,68,32
4412,0,68,32
4413,0,68,32
4414,0,67,33
4415,0,67,33
4416,0,67,33
4417,0,67,33
4418,0,66,34
4419,0,65,35
4420,0,65,35
4421,0,65,35
4422,0,65,35
4423,0,65,35
4424,0,65,35
4425,0,65,35
4426,0,65,35
4427,0,65,35
4428,0,65,35
4429,0,65,35
4430,0,65,35
4431,0,65,35
4432,0,65,35
4433,0,65,35
4434,0,65,35
4435,0,65,35
4436,0,65,35
4437,0,65,35
4438,0,65,35
4439,0,65,35
4440,0,65,35
4441,0,65,35
4442,0,65,35
4443,0,65,35
4444,0,65,35
4445,0,65,35
4446,0,65,35
4447,0,65,35
4448,0,65,35
4449,0,65,35
4450,0,65,35
4451,0,65,35
4452,0,65,35
4453,0,65,35
4454,0,65,35
4455,0,65,35
4456,0,65,35
4457,0,65,35
4458,0,65,35
4459,0,65,35
4460,0,64,36
4461,0,64,36
4462,0,64,36
4463,0,64,36
4464,0,64,36
4465,0,64,36
4466,0,64,36
4467,0,64,36
4468,0,64,36
4469,0,64,36
4470,0,64,36
4471,0,64,36
4472,0,64,36
4473,0,64,36
4474,0,64,36
4475,0,64,36
4476,0,64,36
4477,0,64,36
4478,0,63,37
4479,0,63,37
4480,0,63,37
4481,0,63,37
4482,0,63,37
4483,0,63,37
4484,0,63,37
4485,0,63,37
4486,0,63,37
4487,0,63,37
4488,0,63,37
4489,0,63,37
4490,0,63,37
4491,0,63,37
4492,0,63,37
4493,0,63,37
4494,0,63,37
4495,0,63,37
4496,0,63,37
4497,0,63,37
4498,0,63,37
4499,0,63,37
4500,0,63,37
4501,0,63,37
4502,0,63,37
4503,0,63,37
4504,0,63,37
4505,0,62,38
4506,0,62,38
4507,0,62,38
4508,0,62,38
4509,0,62,38
4510,0,62,38
4511,0,62,38
4512,0,62,38
4513,0,62,38
4514,0,62,38
4515,0,62,38
4516,0,62,38
4517,0,61,39
4518,0,61,39
4519,0,61,39
4520,0,61,39
4521,0,61,39
4522,0,61,39
4523,0,61,39
4524,0,61,39
4525,0,61,39
4526,0,61,39
4527,0,61,39
4528,0,61,39
4529,0,61,39
4530,0,61,39
4531,0,61,39
4532,0,61,39
4533,0,61,39
4534,0,61,39
4535,0,61,39
4536,0,61,39
4537,0,61,39
4538,0,61,39
4539,0,61,39
4540,0,61,39
4541,0,61,39
4542,0,61,39
4543,0,61,39
4544,0,61,39
4545,0,61,39
4546,0,61,39
4547,0,61,39
4548,0,61,39
4549,0,61,39
4550,0,61,39
4551,0,61,39
4552,0,61,39
4553,0,61,39
4554,0,61,39
4555,0,61,39
4556,0,61,39
4557,0,60,40
4558,0,60,40
4559,0,60,40
4560,0,58,42
4561,0,57,43
4562,0,57,43
4563,0,57,43
4564,0,57,43
4565,0,56,44
4566,0,56,44
4567,0,56,44
4568,0,56,44
4569,0,56,44
4570,0,56,44
4571,0,56,44
4572,0,56,44
4573,0,56,44
4574,0,56,44
4575,0,56,44
4576,0,56,44
4577,0,56,44
4578,0,56,44
4579,0,56,44
4580,0,56,44
4581,0,56,44
4582,0,56,44
4583,0,56,44
4584,0,56,44
4585,0,56,44
4586,0,56,44
4587,0,56,44
4588,0,56,44
4589,0,56,44
4590,0,56,44
4591,0,56,44
4592,0,56,44
4593,0,56,44
4594,0,56,44
4595,0,56,44
4596,0,56,44
4597,0,56,44
4598,0,56,44
4599,0,56,44
4600,0,56,44
4601,0,56,44
4602,0,56,44
4603,0,56,44
4604,0,56,44
4605,0,56,44
4606,0,56,44
4607,0,56,44
4608,0,56,44
4609,0,56,44
4610,0,56,44
4611,0,56,44
4612,0,56,44
4613,0,56,44
4614,0,56,44
4615,0,56,44
4616,0,56,44
4617,0,56,44
4618,0,56,44
4619,0,56,44
4620,0,56,44
4621,0,56,44
4622,0,56,44
4623,0,56,44
4624,0,56,44
4625,0,56,44
4626,0,56,44
4627,0,56,44
4628,0,56,44
4629,0,56,44
4630,0,56,44
4631,0,56,44
4632,0,56,44
4633,0,56,44
4634,0,56,44
4635,0,56,44
4636,0,55,45
4637,0,55,45
4638,0,55,45
4639,0,55,45
4640,0,54,46
4641,0,53,47
4642,0,53,47
4643,0,52,48
4644,0,52,48
4645,0,52,48
4646,0,52,48
4647,0,52,48
4648,0,52,48
4649,0,52,48
4650,0,52,48
4651,0,52,48
4652,0,52,48
4653,0,52,48
4654,0,52,48
4655,0,52,48
4656,0,52,48
4657,0,52,48
4658,0,52,48
4659,0,52,48
4660,0,52,48
4661,0,52,48
4662,0,52,48
4663,0,52,48
4664,0,52,48
4665,0,52,48
4666,0,52,48
4667,0,52,48
4668,0,52,48
4669,0,52,48
4670,0,52,48
4671,0,52,48
4672,0,52,48
4673,0,52,48
4674,0,52,48
4675,0,52,48
4676,0,52,48
4677,0,52,48
4678,0,52,48
4679,0,52,48
4680,0,52,48
4681,0,52,48
4682,0,52,48
4683,0,52,48
4684,0,52,48
4685,0,52,48
4686,0,52,48
4687,0,52,48
4688,0,52,48
4689,0,51,49
4690,0,51,49
4691,0,51,49
4692,0,51,49
4693,0,51,49
4694,0,51,49
4695,0,50,50
4696,0,50,50
4697,0,50,50
4698,0,50,50
4699,0,50,50
4700,0,50,50
4701,0,50,50
4702,0,50,50
4703,0,50,50
4704,0,50,50
4705,0,50,50
4706,0,50,50
4707,0,50,50
4708,0,50,50
4709,0,50,50
4710,0,50,50
4711,0,50,50
4712,0,50,50
4713,0,50,50
4714,0,50,50
4715,0,50,50
4716,0,50,50
4717,0,50,50
4718,0,49,51
4719,0,49,51
4720,0,49,51
4721,0,49,51
4722,0,49,51
4723,0,49,51
4724,0,49,51
4725,0,49,51
4726,0,49,51
4727,0,49,51
4728,0,49,51
4729,0,49,51
4730,0,49,51
4731,0,48,52
4732,0,48,52
4733,0,48,52
4734,0,48,52
4735,0,48,52
4736,0,48,52
4737,0,48,52
4738,0,48,52
4739,0,48,52
4740,0,48,52
4741,0,48,52
4742,0,48,52
4743,0,48,52
4744,0,48,52
4745,0,48,52
4746,0,48,52
4747,0,48,52
4748,0,48,52
4749,0,48,52
4750,0,48,52
4751,0,48,52
4752,0,48,52
4753,0,48,52
4754,0,48,52
4755,0,47,53
4756,0,47,53
4757,0,47,53
4758,0,47,53
4759,0,47,53
4760,0,47,53
4761,0,47,53
4762,0,47,53
4763,0,47,53
4764,0,47,53
4765,0,47,53
4766,0,47,53
4767,0,47,53
4768,0,47,53
4769,0,47,53
4770,0,46,54
4771,0,46,54
4772,0,46,54
4773,0,46,54
4774,0,46,54
4775,0,46,54
4776,0,46,54
4777,0,46,54
4778,0,46,54
4779,0,46,54
4780,0,46,54
4781,0,46,54
4782,0,46,54
4783,0,46,54
4784,0,46,54
4785,0,46,54
4786,0,46,54
4787,0,46,54
4788,0,46,54
4789,0,46,54
4790,0,46,54
4791,0,46,54
4792,0,46,54
4793,0,46,54
4794,0,46,54
4795,0,46,54
4796,0,46,54
4797,0,46,54
4798,0,46,54
4799,0,46,54
4800,0,46,54
4801,0,46,54
4802,0,46,54
4803,0,46,54
4804,0,46,54
4805,0,46,54
4806,0,46,54
4807,0,46,54
4808,0,46,54
4809,0,46,54
4810,0,46,54
4811,0,46,54
4812,0,46,54
4813,0,46,54
4814,0,46,54
4815,0,46,54
4816,0,46,54
4817,0,46,54
4818,0,46,54
4819,0,46,54
4820,0,46,54
4821,0,46,54
4822,0,46,54
4823,0,46,54
4824,0,46,54
4825,0,46,54
4826,0,46,54
4827,0,46,54
4828,0,46,54
4829,0,46,54
4830,0,46,54
4831,0,46,54
4832,0,46,54
4833,0,46,54
4834,0,46,54
4835,0,45,55
4836,0,45,55
4837,0,45,55
4838,0,45,55
4839,0,45,55
4840,0,45,55
4841,0,45,55
4842,0,45,55
4843,0,45,55
4844,0,45,55
4845,0,45,55
4846,0,45,55
4847,0,45,55
4848,0,45,55
4849,0,45,55
4850,0,45,55
4851,0,45,55
4852,0,44,56
4853,0,44,56
4854,0,44,56
4855,0,44,56
4856,0,44,56
4857,0,44,56
4858,0,44,56
4859,0,44,56
4860,0,44,56
4861,0,44,56
4862,0,44,56
4863,0,44,56
4864,0,44,56
4865,0,44,56
4866,0,43,57
4867,0,43,57
4868,0,43,57
4869,0,43,57
4870,0,43,57
4871,0,43,57
4872,0,42,58
4873,0,42,58
4874,0,42,58
4875,0,42,58
4876,0,42,58
4877,0,42,58
4878,0,42,58
4879,0,42,58
4880,0,41,59
4881,0,41,59
4882,0,41,59
4883,0,41,59
4884,0,41,59
4885,0,41,59
4886,0,41,59
4887,0,41,59
4888,0,41,59
4889,0,41,59
4890,0,41,59
4891,0,41,59
4892,0,41,59
4893,0,41,59
4894,0,41,59
4895,0,41,59
4896,0,41,59
4897,0,41,59
4898,0,41,59
4899,0,41,59
4900,0,41,59
4901,0,41,59
4902,0,41,59
4903,0,41,59
4904,0,40,60
4905,0,40,60
4906,0,39,61
4907,0,39,61
4908,0,39,61
4909,0,39,61
4910,0,39,61
4911,0,39,61
4912,0,39,61
4913,0,39,61
4914,0,39,61
4915,0,39,61
4916,0,39,61
4917,0,39,61
4918,0,39,61
4919,0,39,61
4920,0,39,61
4921,0,39,61
4922,0,39,61
4923,0,39,61
4924,0,38,62
4925,0,37,63
4926,0,37,63
4927,0,37,63
4928,0,37,63
4929,0,37,63
4930,0,37,63
4931,0,37,63
4932,0,37,63
4933,0,37,63
4934,0,37,63
4935,0,37,63
4936,0,37,63
4937,0,37,63
4938,0,37,63
4939,0,37,63
4940,0,37,63
4941,0,37,63
4942,0,37,63
4943,0,37,63
4944,0,36,64
4945,0,36,64
4946,0,36,64
4947,0,36,64
4948,0,36,64
4949,0,36,64
4950,0,36,64
4951,0,36,64
4952,0,36,64
4953,0,35,65
4954,0,35,65
4955,0,35,65
4956,0,35,65
4957,0,35,65
4958,0,35,65
4959,0,35,65
4960,0,35,65
4961,0,35,65
4962,0,34,66
4963,0,34,66
4964,0,33,67
4965,0,33,67
4966,0,33,67
4967,0,33,67
4968,0,33,67
4969,0,33,67
4970,0,33,67
4971,0,33,67
4972,0,33,67
4973,0,33,67
4974,0,33,67
4975,0,33,67
4976,0,33,67
4977,0,33,67
4978,0,33,67
4979,0,33,67
4980,0,33,67
4981,0,33,67
4982,0,33,67
4983,0,33,67
4984,0,33,67
4985,0,33,67
4986,0,33,67
4987,0,33,67
4988,0,33,67
4989,0,33,67
4990,0,33,67
4991,0,33,67
4992,0,33,67
4993,0,33,67
4994,0,33,67
4995,0,33,67
4996,0,33,67
4997,0,33,67
4998,0,33,67
4999,0,33,67
5000,0,33,67
5001,0,33,67
5002,0,33,67
5003,0,33,67
5004,0,33,67
5005,0,33,67
5006,0,33,67
5007,0,33,67
5008,0,33,67
5009,0,33,67
5010,0,33,67
5011,0,33,67
5012,0,33,67
5013,0,33,67
5014,0,33,67
5015,0,33,67
5016,0,33,67
5017,0,33,67
5018,0,33,67
5019,0,33,67
5020,0,33,67
5021,0,33,67
5022,0,33,67
5023,0,33,67
5024,0,33,67
5025,0,33,67
5026,0,33,67
5027,0,33,67
5028,0,33,67
5029,0,33,67
5030,0,33,67
5031,0,33,67
5032,0,33,67
5033,0,33,67
5034,0,33,67
5035,0,33,67
5036,0,33,67
5037,0,33,67
5038,0,33,67
5039,0,33,67
5040,0,33,67
5041,0,33,67
5042,0,33,67
5043,0,33,67
5044,0,33,67
5045,0,33,67
5046,0,33,67
5047,0,33,67
5048,0,33,67
5049,0,33,67
5050,0,33,67
5051,0,33,67
5052,0,33,67
5053,0,33,67
5054,0,33,67
5055,0,33,67
5056,0,33,67
5057,0,33,67
5058,0,33,67
5059,0,33,67
5060,0,33,67
5061,0,33,67
5062,0,33,67
5063,0,33,67
5064,0,33,67
5065,0,33,67
5066,0,33,67
5067,0,33,67
5068,0,33,67
5069,0,33,67
5070,0,33,67
5071,0,33,67
5072,0,33,67
5073,0,33,67
5074,0,33,67
5075,0,33,67
5076,0,33,67
5077,0,33,67
5078,0,33,67
5079,0,33,67
5080,0,33,67
5081,0,33,67
5082,0,33,67
5083,0,33,67
5084,0,33,67
5085,0,33,67
5086,0,33,67
5087,0,33,67
5088,0,33,67
5089,0,33,67
5090,0,33,67
5091,0,33,67
5092,0,33,67
5093,0,33,67
5094,0,33,67
5095,0,33,67
5096,0,33,67
5097,0,33,67
5098,0,33,67
5099,0,33,67
5100,0,33,67
5101,0,33,67
5102,0,33,67
5103,0,33,67
5104,0,33,67
5105,0,33,67
5106,0,33,67
5107,0,33,67
5108,0,33,67
5109,0,33,67
5110,0,33,67
5111,0,33,67
5112,0,33,67
5113,0,33,67
5114,0,33,67
5115,0,33,67
5116,0,33,67
5117,0,33,67
5118,0,33,67
5119,0,33,67
5120,0,33,67
5121,0,33,67
5122,0,33,67
5123,0,33,67
5124,0,33,67
5125,0,33,67
5126,0,33,67
5127,0,33,67
5128,0,33,67
5129,0,33,67
5130,0,33,67
5131,0,33,67
5132,0,33,67
5133,0,33,67
5134,0,33,67
5135,0,33,67
5136,0,33,67
5137,0,33,67
5138,0,33,67
5139,0,33,67
5140,0,33,67
5141,0,33,67
5142,0,33,67
5143,0,33,67
5144,0,33,67
5145,0,33,67
5146,0,33,67
5147,0,33,67
5148,0,33,67
5149,0,33,67
5150,0,33,67
5151,0,33,67
5152,0,33,67
5153,0,33,67
5154,0,33,67
5155,0,33,67
5156,0,33,67
5157,0,33,67
5158,0,33,67
5159,0,33,67
5160,0,33,67
5161,0,33,67
5162,0,33,67
5163,0,33,67
5164,0,33,67
5165,0,33,67
5166,0,33,67
5167,0,33,67
5168,0,33,67
5169,0,33,67
5170,0,33,67
5171,0,33,67
5172,0,33,67
5173,0,33,67
5174,0,33,67
5175,0,33,67
5176,0,33,67
5177,0,33,67
5178,0,33,67
5179,0,33,67
5180,0,33,67
5181,0,33,67
5182,0,33,67
5183,0,33,67
5184,0,33,67
5185,0,33,67
5186,0,33,67
5187,0,33,67
5188,0,33,67
5189,0,33,67
5190,0,33,67
5191,0,32,68
5192,0,32,68
5193,0,32,68
5194,0,32,68
5195,0,32,68
5196,0,32,68
5197,0,32,68
5198,0,32,68
5199,0,32,68
5200,0,32,68
5201,0,32,68
5202,0,32,68
5203,0,32,68
5204,0,32,68
5205,0,32,68
5206,0,32,68
5207,0,32,68
5208,0,32,68
5209,0,32,68
5210,0,32,68
5211,0,32,68
5212,0,32,68
5213,0,32,68
5214,0,32,68
5215,0,32,68
5216,0,32,68
5217,0,32,68
5218,0,32,68
5219,0,32,68
5220,0,32,68
5221,0,32,68
5222,0,31,69
5223,0,31,69
5224,0,31,69
5225,0,31,69
5226,0,31,69
5227,0,31,69
5228,0,31,69
5229,0,31,69
5230,0,31,69
5231,0,31,69
5232,0,31,69
5233,0,31,69
5234,0,31,69
5235,0,31,69
5236,0,31,69
5237,0,31,69
5238,0,31,69
5239,0,31,69
5240,0,31,69
5241,0,31,69
5242,0,30,70
5243,0,30,70
5244,0,30,70
5245,0,30,70
5246,0,30,70
5247,0,30,70
5248,0,30,70
5249,0,30,70
5250,0,30,70
5251,0,30,70
5252,0,30,70
5253,0,30,70
5254,0,30,70
5255,0,30,70
5256,0,30,70
5257,0,30,70
5258,0,30,70
5259,0,30,70
5260,0,30,70
5261,0,30,70
5262,0,30,70
5263,0,30,70
5264,0,30,70
5265,0,30,70
5266,0,30,70
5267,0,30,70
5268,0,30,70
5269,0,30,70
5270,0,30,70
5271,0,30,70
5272,0,30,70
5273,0,30,70
5274,0,30,70
5275,0,30,70
5276,0,30,70
5277,0,30,70
5278,0,30,70
5279,0,30,70
5280,0,30,70
5281,0,30,70
5282,0,30,70
5283,0,30,70
5284,0,30,70
5285,0,30,70
5286,0,30,70
5287,0,30,70
5288,0,30,70
5289,0,30,70
5290,0,30,70
5291,0,30,70
5292,0,30,70
5293,0,30,70
5294,0,29,71
5295,0,29,71
5296,0,29,71
5297,0,29,71
5298,0,29,71
5299,0,29,71
5300,0,29,71
5301,0,29,71
5302,0,29,71
5303,0,29,71
5304,0,29,71
5305,0,29,71
5306,0,29,71
5307,0,29,71
5308,0,29,71
5309,0,29,71
5310,0,29,71
5311,0,29,71
5312,0,29,71
5313,0,29,71
5314,0,29,71
5315,0,29,71
5316,0,29,71
5317,0,29,71
5318,0,29,71
5319,0,28,72
5320,0,28,72
5321,0,28,72
5322,0,28,72
5323,0,28,72
5324,0,28,72
5325,0,28,72
5326,0,28,72
5327,0,28,72
5328,0,28,72
5329,0,28,72
5330,0,28,72
5331,0,28,72
5332,0,28,72
5333,0,28,72
5334,0,28,72
5335,0,28,72
5336,0,28,72
5337,0,28,72
5338,0,28,72
5339,0,28,72
5340,0,28,72
5341,0,28,72
5342,0,28,72
5343,0,28,72
5344,0,28,72
5345,0,28,72
5346,0,28,72
5347,0,28,72
5348,0,28,72
5349,0,28,72
5350,0,28,72
5351,0,28,72
5352,0,28,72
5353,0,28,72
5354,0,28,72
5355,0,28,72
5356,0,28,72
5357,0,27,73
5358,0,27,73
5359,0,27,73
5360,0,27,73
5361,0,27,73
5362,0,27,73
5363,0,27,73
5364,0,27,73
5365,0,27,73
5366,0,27,73
5367,0,27,73
5368,0,27,73
5369,0,27,73
5370,0,27,73
5371,0,27,73
5372,0,27,73
5373,0,27,73
5374,0,27,73
5375,0,27,73
5376,0,27,73
5377,0,27,73
5378,0,27,73
5379,0,27,73
5380,0,27,73
5381,0,27,73
5382,0,27,73
5383,0,27,73
5384,0,27,73
5385,0,27,73
5386,0,27,73
5387,0,27,73
5388,0,27,73
5389,0,27,73
5390,0,27,73
5391,0,27,73
5392,0,27,73
5393,0,27,73
5394,0,27,73
5395,0,26,74
5396,0,26,74
5397,0,26,74
5398,0,26,74
5399,0,26,74
5400,0,26,74
5401,0,26,74
5402,0,26,74
5403,0,25,75
5404,0,25,75
5405,0,25,75
5406,0,25,75
5407,0,25,75
5408,0,25,75
5409,0,25,75
5410,0,25,75
5411,0,25,75
5412,0,25,75
5413,0,25,75
5414,0,25,75
5415,0,25,75
5416,0,25,75
5417,0,25,75
5418,0,25,75
5419,0,25,75
5420,0,25,75
5421,0,25,75
5422,0,25,75
5423,0,25,75
5424,0,25,75
5425,0,25,75
5426,0,25,75
5427,0,25,75
5428,0,25,75
5429,0,25,75
5430,0,25,75
5431,0,25,75
5432,0,25,75
5433,0,25,75
5434,0,25,75
5435,0,25,75
5436,0,25,75
5437,0,25,75
5438,0,25,75
5439,0,25,75
5440,0,25,75
5441,0,25,75
5442,0,25,75
5443,0,25,75
5444,0,25,75
5445,0,25,75
5446,0,25,75
5447,0,25,75
5448,0,25,75
5449,0,25,75
5450,0,25,75
5451,0,25,75
5452,0,25,75
5453,0,25,75
5454,0,25,75
5455,0,25,75
5456,0,25,75
5457,0,25,75
5458,0,25,75
5459,0,25,75
5460,0,25,75
5461,0,25,75
5462,0,25,75
5463,0,25,75
5464,0,25,75
5465,0,25,75
5466,0,25,75
5467,0,25,75
5468,0,25,75
5469,0,25,75
5470,0,25,75
5471,0,25,75
5472,0,25,75
5473,0,25,75
5474,0,24,76
5475,0,24,76
5476,0,24,76
5477,0,24,76
5478,0,24,76
5479,0,24,76
5480,0,24,76
5481,0,24,76
5482,0,24,76
5483,0,24,76
5484,0,24,76
5485,0,24,76
5486,0,24,76
5487,0,24,76
5488,0,24,76
5489,0,24,76
5490,0,24,76
5491,0,24,76
5492,0,24,76
5493,0,24,76
5494,0,24,76
5495,0,24,76
5496,0,24,76
5497,0,24,76
5498,0,24,76
5499,0,24,76
5500,0,24,76
5501,0,24,76
5502,0,24,76
5503,0,24,76
5504,0,24,76
5505,0,24,76
5506,0,24,76
5507,0,24,76
5508,0,24,76
5509,0,24,76
5510,0,24,76
5511,0,24,76
5512,0,24,76
5513,0,24,76
5514,0,24,76
5515,0,24,76
5516,0,24,76
5517,0,24,76
5518,0,24,76
5519,0,24,76
5520,0,24,76
5521,0,24,76
5522,0,24,76
5523,0,24,76
5524,0,24,76
5525,0,24,76
5526,0,24,76
5527,0,24,76
5528,0,24,76
5529,0,24,76
5530,0,24,76
5531,0,24,76
5532,0,24,76
5533,0,24,76
5534,0,24,76
5535,0,24,76
5536,0,24,76
5537,0,24,76
5538,0,24,76
5539,0,24,76
5540,0,24,76
5541,0,24,76
5542,0,24,76
5543,0,24,76
5544,0,24,76
5545,0,24,76
5546,0,24,76
5547,0,24,76
5548,0,24,76
5549,0,24,76
5550,0,24,76
5551,0,24,76
5552,0,24,76
5553,0,24,76
5554,0,24,76
5555,0,24,76
5556,0,24,76
5557,0,24,76
5558,0,24,76
5559,0,24,76
5560,0,24,76
5561,0,24,76
5562,0,24,76
5563,0,24,76
5564,0,24,76
5565,0,24,76
5566,0,24,76
5567,0,24,76
5568,0,24,76
5569,0,24,76
5570,0,24,76
5571,0,24,76
5572,0,24,76
5573,0,24,76
5574,0,24,76
5575,0,24,76
5576,0,24,76
5577,0,24,76
5578,0,24,76
5579,0,24,76
5580,0,24,76
5581,0,24,76
5582,0,24,76
5583,0,24,76
5584,0,24,76
5585,0,24,76
5586,0,24,76
5587,0,24,76
5588,0,24,76
5589,0,24,76
5590,0,24,76
5591,0,24,76
5592,0,24,76
5593,0,24,76
5594,0,23,77
5595,0,23,77
5596,0,23,77
5597,0,23,77
5598,0,23,77
5599,0,23,77
5600,0,23,77
5601,0,23,77
5602,0,23,77
5603,0,23,77
5604,0,22,78
5605,0,22,78
5606,0,22,78
5607,0,22,78
5608,0,22,78
5609,0,22,78
5610,0,22,78
5611,0,22,78
5612,0,22,78
5613,0,22,78
5614,0,22,78
5615,0,22,78
5616,0,22,78
5617,0,22,78
5618,0,22,78
5619,0,22,78
5620,0,22,78
5621,0,22,78
5622,0,22,78
5623,0,22,78
5624,0,22,78
5625,0,22,78
5626,0,22,78
5627,0,22,78
5628,0,22,78
5629,0,22,78
5630,0,22,78
5631,0,22,78
5632,0,22,78
5633,0,22,78
5634,0,22,78
5635,0,22,78
5636,0,22,78
5637,0,22,78
5638,0,22,78
5639,0,22,78
5640,0,22,78
5641,0,22,78
5642,0,22,78
5643,0,22,78
5644,0,22,78
5645,0,22,78
5646,0,22,78
5647,0,22,78
5648,0,22,78
5649,0,22,78
5650,0,22,78
5651,0,22,78
5652,0,21,79
5653,0,21,79
5654,0,21,79
5655,0,21,79
5656,0,21,79
5657,0,21,79
5658,0,21,79
5659,0,21,79
5660,0,21,79
5661,0,21,79
5662,0,21,79
5663,0,21,79
5664,0,21,79
5665,0,21,79
5666,0,21,79
5667,0,21,79
5668,0,21,79
5669,0,21,79
5670,0,21,79
5671,0,21,79
5672,0,21,79
5673,0,20,80
5674,0,20,80
5675,0,20,80
5676,0,20,80
5677,0,20,80
5678,0,20,80
5679,0,20,80
5680,0,20,80
5681,0,20,80
5682,0,20,80
5683,0,20,80
5684,0,20,80
5685,0,20,80
5686,0,20,80
5687,0,20,80
5688,0,20,80
5689,0,20,80
5690,0,20,80
5691,0,20,80
5692,0,20,80
5693,0,20,80
5694,0,20,80
5695,0,20,80
5696,0,20,80
5697,0,20,80
5698,0,20,80
5699,0,20,80
5700,0,20,80
5701,0,20,80
5702,0,20,80
5703,0,20,80
5704,0,20,80
5705,0,20,80
5706,0,20,80
5707,0,20,80
5708,0,20,80
5709,0,20,80
5710,0,20,80
5711,0,20,80
5712,0,20,80
5713,0,20,80
5714,0,20,80
5715,0,20,80
5716,0,20,80
5717,0,20,80
5718,0,20,80
5719,0,20,80
5720,0,20,80
5721,0,20,80
5722,0,20,80
5723,0,20,80
5724,0,20,80
5725,0,20,80
5726,0,20,80
5727,0,20,80
5728,0,20,80
5729,0,20,80
5730,0,20,80
5731,0,20,80
5732,0,20,80
5733,0,20,80
5734,0,20,80
5735,0,20,80
5736,0,20,80
5737,0,20,80
5738,0,20,80
5739,0,20,80
5740,0,20,80
5741,0,19,81
5742,0,19,81
5743,0,19,81
5744,0,19,81
5745,0,18,82
5746,0,18,82
5747,0,18,82
5748,0,18,82
5749,0,18,82
5750,0,18,82
5751,0,18,82
5752,0,18,82
5753,0,18,82
5754,0,18,82
5755,0,18,82
5756,0,18,82
5757,0,17,83
5758,0,17,83
5759,0,17,83
5760,0,17,83
5761,0,17,83
5762,0,17,83
5763,0,17,83
5764,0,17,83
5765,0,17,83
5766,0,17,83
5767,0,17,83
5768,0,17,83
5769,0,17,83
5770,0,17,83
5771,0,17,83
5772,0,17,83
5773,0,17,83
5774,0,17,83
5775,0,17,83
5776,0,17,83
5777,0,17,83
5778,0,16,84
5779,0,16,84
5780,0,16,84
5781,0,16,84
5782,0,16,84
5783,0,16,84
5784,0,16,84
5785,0,16,84
5786,0,16,84
5787,0,16,84
5788,0,16,84
5789,0,16,84
5790,0,16,84
5791,0,16,84
5792,0,16,84
5793,0,16,84
5794,0,16,84
5795,0,16,84
5796,0,16,84
5797,0,16,84
5798,0,16,84
5799,0,16,84
5800,0,16,84
5801,0,16,84
5802,0,16,84
5803,0,16,84
5804,0,16,84
5805,0,16,84
5806,0,16,84
5807,0,16,84
5808,0,16,84
5809,0,16,84
5810,0,16,84
5811,0,16,84
5812,0,16,84
5813,0,16,84
5814,0,16,84
5815,0,16,84
5816,0,16,84
5817,0,16,84
5818,0,16,84
5819,0,16,84
5820,0,16,84
5821,0,15,85
5822,0,15,85
5823,0,15,85
5824,0,15,85
5825,0,15,85
5826,0,15,85
5827,0,15,85
5828,0,15,85
5829,0,15,85
5830,0,14,86
5831,0,14,86
5832,0,14,86
5833,0,14,86
5834,0,14,86
5835,0,14,86
5836,0,14,86
5837,0,14,86
5838,0,14,86
5839,0,14,86
5840,0,14,86
5841,0,14,86
5842,0,14,86
5843,0,14,86
5844,0,14,86
5845,0,14,86
5846,0,14,86
5847,0,14,86
5848,0,14,86
5849,0,14,86
5850,0,14,86
5851,0,14,86
5852,0,14,86
5853,0,14,86
5854,0,14,86
5855,0,14,86
5856,0,14,86
5857,0,14,86
5858,0,14,86
5859,0,14,86
5860,0,14,86
5861,0,14,86
5862,0,14,86
5863,0,13,87
5864,0,13,87
5865,0,13,87
5866,0,13,87
5867,0,13,87
5868,0,13,87
5869,0,13,87
5870,0,13,87
5871,0,13,87
5872,0,13,87
5873,0,13,87
5874,0,13,87
5875,0,13,87
5876,0,13,87
5877,0,13,87
5878,0,13,87
5879,0,13,87
5880,0,13,87
5881,0,13,87
5882,0,13,87
5883,0,13,87
5884,0,13,87
5885,0,13,87
5886,0,13,87
5887,0,13,87
5888,0,13,87
5889,0,13,87
5890,0,13,87
5891,0,13,87
5892,0,13,87
5893,0,13,87
5894,0,13,87
5895,0,13,87
5896,0,13,87
5897,0,13,87
5898,0,13,87
5899,0,13,87
5900,0,13,87
5901,0,13,87
5902,0,13,87
5903,0,13,87
5904,0,13,87
5905,0,13,87
5906,0,13,87
5907,0,13,87
5908,0,13,87
5909,0,13,87
5910,0,13,87
5911,0,13,87
5912,0,13,87
5913,0,13,87
5914,0,13,87
5915,0,13,87
5916,0,13,87
5917,0,13,87
5918,0,13,87
5919,0,13,87
5920,0,13,87
5921,0,12,88
5922,0,12,88
5923,0,12,88
5924,0,12,88
5925,0,12,88
5926,0,12,88
5927,0,12,88
5928,0,12,88
5929,0,12,88
5930,0,12,88
5931,0,12,88
5932,0,12,88
5933,0,12,88
5934,0,12,88
5935,0,12,88
5936,0,12,88
5937,0,12,88
5938,0,12,88
5939,0,12,88
5940,0,12,88
5941,0,12,88
5942,0,12,88
5943,0,12,88
5944,0,12,88
5945,0,12,88
5946,0,12,88
5947,0,12,88
5948,0,12,88
5949,0,12,88
5950,0,12,88
5951,0,12,88
5952,0,12,88
5953,0,12,88
5954,0,12,88
5955,0,12,88
5956,0,12,88
5957,0,12,88
5958,0,12,88
5959,0,12,88
5960,0,12,88
5961,0,12,88
5962,0,12,88
5963,0,12,88
5964,0,12,88
5965,0,12,88
5966,0,12,88
5967,0,12,88
5968,0,12,88
5969,0,12,88
5970,0,12,88
5971,0,12,88
5972,0,12,88
5973,0,12,88
5974,0,12,88
5975,0,12,88
5976,0,12,88
5977,0,12,88
5978,0,11,89
5979,0,11,89
5980,0,11,89
5981,0,11,89
5982,0,11,89
5983,0,11,89
5984,0,11,89
5985,0,11,89
5986,0,11,89
5987,0,11,89
5988,0,11,89
5989,0,11,89
5990,0,11,89
5991,0,11,89
5992,0,11,89
5993,0,11,89
5994,0,10,90
5995,0,10,90
5996,0,10,90
5997,0,10,90
5998,0,10,90
5999,0,10,90
6000,0,10,90
6001,0,10,90
6002,0,10,90
6003,0,10,90
6004,0,10,90
6005,0,10,90
6006,0,10,90
6007,0,10,90
6008,0,10,90
6009,0,10,90
6010,0,10,90
6011,0,10,90
6012,0,10,90
6013,0,10,90
6014,0,10,90
6015,0,10,90
6016,0,10,90
6017,0,10,90
6018,0,10,90
6019,0,10,90
6020,0,10,90
6021,0,10,90
6022,0,10,90
6023,0,10,90
6024,0,10,90
6025,0,10,90
6026,0,10,90
6027,0,10,90
6028,0,10,90
6029,0,10,90
6030,0,10,90
6031,0,10,90
6032,0,10,90
6033,0,10,90
6034,0,10,90
6035,0,10,90
6036,0,10,90
6037,0,10,90
6038,0,10,90
6039,0,10,90
6040,0,10,90
6041,0,10,90
6042,0,10,90
6043,0,10,90
6044,0,10,90
6045,0,10,90
6046,0,10,90
6047,0,10,90
6048,0,10,90
6049,0,10,90
6050,0,10,90
6051,0,10,90
6052,0,10,90
6053,0,10,90
6054,0,10,90
6055,0,10,90
6056,0,10,90
6057,0,10,90
6058,0,10,90
6059,0,10,90
6060,0,10,90
6061,0,10,90
6062,0,10,90
6063,0,10,90
6064,0,10,90
6065,0,10,90
6066,0,10,90
6067,0,10,90
6068,0,10,90
6069,0,10,90
6070,0,10,90
6071,0,10,90
6072,0,10,90
6073,0,10,90
6074,0,10,90
6075,0,10,90
6076,0,10,90
6077,0,10,90
6078,0,10,90
6079,0,10,90
6080,0,10,90
6081,0,10,90
6082,0,10,90
6083,0,10,90
6084,0,10,90
6085,0,10,90
6086,0,10,90
6087,0,9,91
6088,0,9,91
6089,0,9,91
6090,0,9,91
6091,0,9,91
6092,0,9,91
6093,0,9,91
6094,0,9,91
6095,0,9,91
6096,0,9,91
6097,0,9,91
6098,0,9,91
6099,0,9,91
6100,0,9,91
6101,0,9,91
6102,0,9,91
6103,0,9,91
6104,0,9,91
6105,0,9,91
6106,0,9,91
6107,0,9,91
6108,0,9,91
6109,0,9,91
6110,0,9,91
6111,0,9,91
6112,0,9,91
6113,0,9,91
6114,0,9,91
6115,0,9,91
6116,0,9,91
6117,0,9,91
6118,0,9,91
6119,0,9,91
6120,0,9,91
6121,0,9,91
6122,0,9,91
6123,0,9,91
6124,0,9,91
6125,0,9,91
6126,0,9,91
6127,0,9,91
6128,0,9,91
6129,0,9,91
6130,0,9,91
6131,0,9,91
6132,0,9,91
6133,0,9,91
6134,0,9,91
6135,0,9,91
6136,0,9,91
6137,0,9,91
6138,0,9,91
6139,0,9,91
6140,0,9,91
6141,0,9,91
6142,0,9,91
6143,0,9,91
6144,0,9,91
6145,0,9,91
6146,0,9,91
6147,0,9,91
6148,0,9,91
6149,0,9,91
6150,0,9,91
6151,0,8,92
6152,0,8,92
6153,0,8,92
6154,0,8,92
6155,0,8,92
6156,0,8,92
6157,0,8,92
6158,0,8,92
6159,0,8,92
6160,0,8,92
6161,0,8,92
6162,0,8,92
6163,0,8,92
6164,0,8,92
6165,0,8,92
6166,0,8,92
6167,0,8,92
6168,0,8,92
6169,0,8,92
6170,0,7,93
6171,0,7,93
6172,0,7,93
6173,0,7,93
6174,0,7,93
6175,0,7,93
6176,0,7,93
6177,0,7,93
6178,0,7,93
6179,0,7,93
6180,0,7,93
6181,0,7,93
6182,0,7,93
6183,0,7,93
6184,0,7,93
6185,0,7,93
6186,0,7,93
6187,0,7,93
6188,0,7,93
6189,0,7,93
6190,0,7,93
6191,0,7,93
6192,0,7,93
6193,0,7,93
6194,0,7,93
6195,0,7,93
6196,0,7,93
6197,0,7,93
6198,0,7,93
6199,0,7,93
6200,0,7,93
6201,0,7,93
6202,0,7,93
6203,0,7,93
6204,0,7,93
6205,0,7,93
6206,0,7,93
6207,0,6,94
6208,0,6,94
6209,0,6,94
6210,0,6,94
6211,0,6,94
6212,0,6,94
6213,0,6,94
6214,0,6,94
6215,0,6,94
6216,0,6,94
6217,0,6,94
6218,0,6,94
6219,0,6,94
6220,0,6,94
6221,0,6,94
6222,0,6,94
6223,0,6,94
6224,0,6,94
6225,0,6,94
6226,0,6,94
6227,0,6,94
6228,0,6,94
6229,0,6,94
6230,0,6,94
6231,0,6,94
6232,0,6,94
6233,0,6,94
6234,0,6,94
6235,0,6,94
6236,0,6,94
6237,0,6,94
6238,0,6,94
6239,0,6,94
6240,0,6,94
6241,0,6,94
6242,0,6,94
6243,0,6,94
6244,0,6,94
6245,0,6,94
6246,0,6,94
6247,0,6,94
6248,0,6,94
6249,0,6,94
6250,0,6,94
6251,0,6,94
6252,0,6,94
6253,0,6,94
6254,0,6,94
6255,0,6,94
6256,0,5,95
6257,0,5,95
6258,0,5,95
6259,0,5,95
6260,0,5,95
6261,0,5,95
6262,0,5,95
6263,0,5,95
6264,0,5,95
6265,0,5,95
6266,0,5,95
6267,0,4,96
6268,0,4,96
6269,0,4,96
6270,0,4,96
6271,0,4,96
6272,0,4,96
6273,0,4,96
6274,0,4,96
6275,0,4,96
6276,0,4,96
6277,0,4,96
6278,0,4,96
6279,0,4,96
6280,0,4,96
6281,0,4,96
6282,0,4,96
6283,0,4,96
6284,0,4,96
6285,0,4,96
6286,0,4,96
6287,0,4,96
6288,0,4,96
6289,0,4,96
6290,0,4,96
6291,0,4,96
6292,0,4,96
6293,0,4,96
6294,0,4,96
6295,0,3,97
6296,0,3,97
6297,0,3,97
6298,0,3,97
6299,0,3,97
6300,0,3,97
6301,0,3,97
6302,0,3,97
6303,0,3,97
6304,0,3,97
6305,0,3,97
6306,0,3,97
6307,0,3,97
6308,0,3,97
6309,0,3,97
6310,0,3,97
6311,0,3,97
6312,0,3,97
6313,0,3,97
6314,0,3,97
6315,0,3,97
6316,0,3,97
6317,0,3,97
6318,0,3,97
6319,0,3,97
6320,0,3,97
6321,0,3,97
6322,0,3,97
6323,0,3,97
6324,0,3,97
6325,0,3,97
6326,0,3,97
6327,0,3,97
6328,0,3,97
6329,0,3,97
6330,0,3,97
6331,0,3,97
6332,0,3,97
6333,0,3,97
6334,0,3,97
6335,0,3,97
6336,0,3,97
6337,0,3,97
6338,0,3,97
6339,0,3,97
6340,0,3,97
6341,0,3,97
6342,0,3,97
6343,0,3,97
6344,0,3,97
6345,0,3,97
6346,0,3,97
6347,0,3,97
6348,0,3,97
6349,0,3,97
6350,0,3,97
6351,0,3,97
6352,0,3,97
6353,0,3,97
6354,0,3,97
6355,0,3,97
6356,0,3,97
6357,0,3,97
6358,0,3,97
6359,0,3,97
6360,0,3,97
6361,0,3,97
6362,0,3,97
6363,0,3,97
6364,0,3,97
6365,0,3,97
6366,0,3,97
6367,0,3,97
6368,0,3,97
6369,0,3,97
6370,0,2,98
6371,0,2,98
6372,0,2,98
6373,0,2,98
6374,0,2,98
6375,0,2,98
6376,0,2,98
6377,0,2,98
6378,0,2,98
6379,0,2,98
6380,0,2,98
6381,0,2,98
6382,0,2,98
6383,0,2,98
6384,0,2,98
6385,0,2,98
6386,0,2,98
6387,0,2,98
6388,0,2,98
6389,0,2,98
6390,0,2,98
6391,0,2,98
6392,0,2,98
6393,0,2,98
6394,0,2,98
6395,0,2,98
6396,0,2,98
6397,0,2,98
6398,0,2,98
6399,0,2,98
6400,0,2,98
6401,0,2,98
6402,0,2,98
6403,0,2,98
6404,0,2,98
6405,0,2,98
6406,0,2,98
6407,0,2,98
6408,0,2,98
6409,0,2,98
6410,0,2,98
6411,0,2,98
6412,0,1,99
6413,0,1,99
6414,0,1,99
6415,0,1,99
6416,0,1,99
6417,0,1,99
6418,0,1,99
6419,0,1,99
6420,0,1,99
6421,0,1,99
6422,0,1,99
6423,0,1,99
6424,0,1,99
6425,0,1,99
6426,0,1,99
6427,0,1,99
6428,0,1,99
6429,0,1,99
6430,0,1,99
6431,0,1,99
6432,0,1,99
6433,0,1,99
6434,0,1,99
6435,0,1,99
6436,0,1,99
6437,0,1,99
6438,0,1,99
6439,0,1,99
6440,0,1,99
6441,0,1,99
6442,0,1,99
6443,0,1,99
6444,0,1,99
6445,0,1,99
6446,0,1,99
6447,0,1,99
6448,0,1,99
6449,0,1,99
6450,0,1,99
6451,0,1,99
6452,0,1,99
6453,0,1,99
6454,0,1,99
6455,0,1,99
6456,0,1,99
6457,0,1,99
6458,0,1,99
6459,0,1,99
6460,0,1,99
6461,0,1,99
6462,0,1,99
6463,0,1,99
6464,0,1,99
6465,0,1,99
6466,0,1,99
6467,0,1,99
6468,0,1,99
6469,0,1,99
6470,0,1,99
6471,0,1,99
6472,0,1,99
6473,0,1,99
6474,0,1,99
6475,0,1,99
6476,0,1,99
6477,0,1,99
6478,0,1,99
6479,0,1,99
6480,0,1,99
6481,0,1,99
6482,0,1,99
6483,0,1,99
6484,0,1,99
6485,0,1,99
6486,0,1,99
6487,0,1,99
6488,0,1,99
6489,0,1,99
6490,0,1,99
6491,0,1,99
6492,0,1,99
6493,0,1,99
6494,0,1,99
6495,0,1,99
6496,0,1,99
6497,0,1,99
6498,0,1,99
6499,0,1,99
6500,0,1,99
6501,0,1,99
6502,0,1,99
6503,0,1,99
6504,0,1,99
6505,0,1,99
6506,0,1,99
6507,0,1,99
6508,0,1,99
6509,0,1,99
6510,0,1,99
6511,0,1,99
6512,0,1,99
6513,0,1,99
6514,0,1,99
6515,0,1,99
6516,0,1,99
6517,0,1,99
6518,0,1,99
6519,0,1,99
6520,0,1,99
6521,0,1,99
6522,0,1,99
6523,0,1,99
6524,0,1,99
6525,0,1,99
6526,0,1,99
6527,0,1,99
6528,0,1,99
6529,0,1,99
6530,0,1,99
6531,0,1,99
6532,0,1,99
6533,0,1,99
6534,0,1,99
6535,0,1,99
6536,0,1,99
6537,0,1,99
6538,0,1,99
6539,0,1,99
6540,0,1,99
6541,0,1,99
6542,0,1,99
6543,0,1,99
6544,0,1,99
6545,0,1,99
6546,0,1,99
6547,0,1,99
6548,0,1,99
6549,0,1,99
6550,0,1,99
6551,0,1,99
6552,0,1,99
6553,0,1,99
6554,0,1,99
6555,0,1,99
6556,0,1,99
6557,0,1,99
6558,0,1,99
6559,0,1,99
6560,0,1,99
6561,0,1,99
6562,0,1,99
6563,0,1,99
6564,0,1,99
6565,0,1,99
6566,0,1,99
6567,0,1,99
6568,0,1,99
6569,0,1,99
6570,0,1,99
6571,0,1,99
6572,0,1,99
6573,0,1,99
6574,0,1,99
6575,0,1,99
6576,0,1,99
6577,0,1,99
6578,0,1,99
6579,0,1,99
6580,0,1,99
6581,0,1,99
6582,0,1,99
6583,0,1,99
6584,0,1,99
6585,0,1,99
6586,0,1,99
6587,0,1,99
6588,0,1,99
6589,0,1,99
6590,0,1,99
6591,0,1,99
6592,0,1,99
6593,0,1,99
6594,0,1,99
6595,0,1,99
6596,0,1,99
6597,0,1,99
6598,0,1,99
6599,0,1,99
6600,0,1,99
6601,0,1,99
6602,0,1,99
6603,0,1,99
6604,0,1,99
6605,0,1,99
6606,0,1,99
6607,0,1,99
6608,0,1,99
6609,0,1,99
6610,0,1,99
6611,0,1,99
6612,0,1,99
6613,0,1,99
6614,0,1,99
6615,0,1,99
6616,0,1,99
6617,0,0,100
