<cur_step>,<num_susceptible>,<num_infected>,<num_recovered>
1,39,1,0
2,39,1,0
3,39,1,0
4,39,1,0
5,39,1,0
6,39,1,0
7,39,1,0
8,39,1,0
9,39,1,0
10,39,1,0
11,39,1,0
12,39,1,0
13,39,1,0
14,39,1,0
15,39,1,0
16,39,1,0
17,39,1,0
18,39,1,0
19,39,1,0
20,39,1,0
21,39,1,0
22,39,1,0
23,39,1,0
24,39,1,0
25,39,1,0
26,39,1,0
27,39,1,0
28,39,1,0
29,39,1,0
30,39,1,0
31,39,1,0
32,39,1,0
33,39,1,0
34,39,1,0
35,39,1,0
36,39,1,0
37,39,1,0
38,39,1,0
39,39,1,0
40,39,1,0
41,39,1,0
42,39,1,0
43,39,1,0
44,39,1,0
45,39,1,0
46,39,1,0
47,39,1,0
48,39,1,0
49,39,1,0
50,39,1,0
51,39,1,0
52,39,1,0
53,39,1,0
54,39,1,0
55,39,1,0
56,39,1,0
57,39,1,0
58,39,1,0
59,39,1,0
60,39,1,0
61,39,1,0
62,39,1,0
63,39,1,0
64,39,1,0
65,39,1,0
66,39,1,0
67,39,1,0
68,39,1,0
69,39,1,0
70,39,1,0
71,39,1,0
72,39,1,0
73,39,1,0
74,39,1,0
75,39,1,0
76,39,1,0
77,39,1,0
78,39,1,0
79,39,1,0
80,39,1,0
81,39,1,0
82,39,1,0
83,39,1,0
84,39,1,0
85,39,1,0
86,39,1,0
87,39,1,0
88,39,1,0
89,39,1,0
90,39,1,0
91,39,1,0
92,39,1,0
93,39,1,0
94,39,1,0
95,39,1,0
96,39,1,0
97,39,1,0
98,39,1,0
99,39,1,0
100,39,1,0
101,39,1,0
102,39,1,0
103,39,1,0
104,39,1,0
105,39,1,0
106,39,1,0
107,39,1,0
108,39,1,0
109,39,1,0
110,39,1,0
111,39,1,0
112,39,1,0
113,39,1,0
114,39,1,0
115,39,1,0
116,39,1,0
117,39,1,0
118,39,1,0
119,39,1,0
120,39,1,0
121,39,1,0
122,39,1,0
123,39,1,0
124,39,1,0
125,39,1,0
126,39,1,0
127,39,1,0
128,39,1,0
129,39,1,0
130,39,1,0
131,39,1,0
132,39,1,0
133,39,1,0
134,39,1,0
135,39,1,0
136,39,1,0
137,39,1,0
138,39,1,0
139,39,1,0
140,39,1,0
141,39,1,0
142,39,1,0
143,39,1,0
144,39,1,0
145,39,1,0
146,39,1,0
147,39,1,0
148,39,1,0
149,39,1,0
150,39,1,0
151,39,1,0
152,39,1,0
153,39,1,0
154,39,1,0
155,39,1,0
156,39,1,0
157,39,1,0
158,39,1,0
159,39,1,0
160,39,1,0
161,39,1,0
162,39,1,0
163,39,1,0
164,39,1,0
165,39,1,0
166,39,1,0
167,39,1,0
168,39,1,0
169,39,1,0
170,39,1,0
171,39,1,0
172,39,1,0
173,39,1,0
174,39,1,0
175,39,1,0
176,39,1,0
177,39,1,0
178,39,1,0
179,39,1,0
180,39,1,0
181,39,1,0
182,39,1,0
183,39,1,0
184,39,1,0
185,39,1,0
186,39,1,0
187,39,1,0
188,39,1,0
189,39,1,0
190,39,1,0
191,39,1,0
192,39,1,0
193,39,1,0
194,39,1,0
195,39,1,0
196,39,1,0
197,39,1,0
198,39,1,0
199,39,1,0
200,39,1,0
201,39,1,0
202,39,1,0
203,39,1,0
204,39,1,0
205,39,1,0
206,39,1,0
207,39,1,0
208,39,1,0
209,39,1,0
210,39,1,0
211,39,1,0
212,39,1,0
213,39,1,0
214,39,1,0
215,39,1,0
216,39,1,0
217,39,1,0
218,39,1,0
219,39,1,0
220,39,1,0
221,39,1,0
222,39,1,0
223,39,1,0
224,39,1,0
225,39,1,0
226,39,1,0
227,39,1,0
228,39,1,0
229,39,1,0
230,39,1,0
231,39,1,0
232,39,1,0
233,39,1,0
234,39,1,0
235,39,1,0
236,39,1,0
237,39,1,0
238,39,1,0
239,39,1,0
240,39,1,0
241,39,1,0
242,39,1,0
243,39,1,0
244,39,1,0
245,39,1,0
246,39,1,0
247,39,1,0
248,39,1,0
249,39,1,0
250,39,1,0
251,39,1,0
252,39,1,0
253,39,1,0
254,39,1,0
255,39,1,0
256,39,1,0
257,39,1,0
258,39,1,0
259,39,1,0
260,39,1,0
261,39,1,0
262,39,1,0
263,39,1,0
264,39,1,0
265,39,1,0
266,39,1,0
267,39,1,0
268,39,1,0
269,39,1,0
270,39,1,0
271,39,1,0
272,39,1,0
273,39,1,0
274,39,1,0
275,39,1,0
276,39,1,0
277,39,1,0
278,39,1,0
279,39,1,0
280,39,1,0
281,39,1,0
282,39,1,0
283,39,1,0
284,39,1,0
285,39,1,0
286,39,1,0
287,39,1,0
288,39,1,0
289,39,1,0
290,39,1,0
291,39,1,0
292,39,1,0
293,39,1,0
294,39,1,0
295,39,1,0
296,39,1,0
297,39,1,0
298,39,1,0
299,39,1,0
300,39,1,0
301,39,1,0
302,39,1,0
303,39,1,0
304,39,1,0
305,39,1,0
306,39,1,0
307,39,1,0
308,39,1,0
309,39,1,0
310,39,1,0
311,39,1,0
312,39,1,0
313,39,1,0
314,39,1,0
315,39,1,0
316,39,1,0
317,39,1,0
318,39,1,0
319,39,1,0
320,39,1,0
321,39,1,0
322,39,1,0
323,39,1,0
324,39,1,0
325,39,1,0
326,39,1,0
327,39,1,0
328,39,1,0
329,39,1,0
330,39,1,0
331,39,1,0
332,39,1,0
333,39,1,0
334,39,1,0
335,39,1,0
336,39,1,0
337,39,1,0
338,39,1,0
339,39,1,0
340,39,1,0
341,39,1,0
342,39,1,0
343,39,1,0
344,39,1,0
345,39,1,0
346,39,1,0
347,39,1,0
348,39,1,0
349,39,1,0
350,39,1,0
351,39,1,0
352,39,1,0
353,39,1,0
354,39,1,0
355,39,1,0
356,39,1,0
357,39,1,0
358,39,1,0
359,39,1,0
360,39,1,0
361,39,1,0
362,39,1,0
363,39,1,0
364,39,1,0
365,39,1,0
366,39,1,0
367,39,1,0
368,39,1,0
369,39,1,0
370,39,1,0
371,39,1,0
372,39,1,0
373,39,1,0
374,39,1,0
375,39,1,0
376,39,1,0
377,39,1,0
378,39,1,0
379,39,1,0
380,39,1,0
381,39,1,0
382,39,1,0
383,39,1,0
384,39,1,0
385,39,1,0
386,39,1,0
387,39,1,0
388,39,1,0
389,39,1,0
390,39,1,0
391,39,1,0
392,39,1,0
393,39,1,0
394,39,1,0
395,39,1,0
396,39,1,0
397,39,1,0
398,39,1,0
399,39,1,0
400,39,1,0
401,39,1,0
402,39,1,0
403,39,1,0
404,39,1,0
405,39,1,0
406,39,1,0
407,39,1,0
408,39,1,0
409,39,1,0
410,39,1,0
411,39,1,0
412,39,1,0
413,39,1,0
414,39,1,0
415,39,1,0
416,39,1,0
417,39,1,0
418,39,1,0
419,39,1,0
420,39,1,0
421,39,1,0
422,39,1,0
423,39,1,0
424,39,1,0
425,39,1,0
426,39,1,0
427,39,1,0
428,39,1,0
429,39,1,0
430,39,1,0
431,39,1,0
432,39,1,0
433,39,1,0
434,39,1,0
435,39,1,0
436,39,1,0
437,39,1,0
438,39,1,0
439,39,1,0
440,39,1,0
441,39,1,0
442,39,1,0
443,39,1,0
444,39,1,0
445,39,1,0
446,39,1,0
447,39,1,0
448,39,1,0
449,39,1,0
450,39,1,0
451,39,1,0
452,39,1,0
453,39,1,0
454,39,1,0
455,39,1,0
456,39,1,0
457,39,1,0
458,39,1,0
459,39,1,0
460,39,1,0
461,39,1,0
462,39,1,0
463,39,1,0
464,39,1,0
465,39,1,0
466,39,1,0
467,39,1,0
468,39,1,0
469,39,1,0
470,39,1,0
471,39,1,0
472,39,1,0
473,39,1,0
474,39,1,0
475,39,1,0
476,39,1,0
477,39,1,0
478,39,1,0
479,39,1,0
480,39,1,0
481,39,1,0
482,39,1,0
483,39,1,0
484,39,1,0
485,39,1,0
486,39,1,0
487,39,1,0
488,39,1,0
489,39,1,0
490,39,1,0
491,39,1,0
492,39,1,0
493,39,1,0
494,39,1,0
495,39,1,0
496,39,1,0
497,39,1,0
498,39,1,0
499,39,1,0
500,39,1,0
501,39,1,0
502,39,1,0
503,39,1,0
504,39,1,0
505,39,1,0
506,39,1,0
507,39,1,0
508,39,1,0
509,39,1,0
510,39,1,0
511,39,1,0
512,39,1,0
513,39,1,0
514,39,1,0
515,39,1,0
516,39,1,0
517,39,1,0
518,39,1,0
519,39,1,0
520,39,1,0
521,39,1,0
522,39,1,0
523,39,1,0
524,39,1,0
525,39,1,0
526,39,1,0
527,39,1,0
528,39,1,0
529,39,1,0
530,39,1,0
531,39,1,0
532,39,1,0
533,39,1,0
534,39,1,0
535,39,1,0
536,39,1,0
537,39,1,0
538,39,1,0
539,39,1,0
540,39,1,0
541,39,1,0
542,39,1,0
543,39,1,0
544,39,1,0
545,39,1,0
546,39,1,0
547,39,1,0
548,39,1,0
549,39,1,0
550,39,1,0
551,39,1,0
552,39,1,0
553,39,1,0
554,39,1,0
555,39,1,0
556,39,1,0
557,39,1,0
558,39,1,0
559,39,1,0
560,39,1,0
561,39,1,0
562,39,1,0
563,39,1,0
564,39,1,0
565,39,1,0
566,39,1,0
567,39,1,0
568,39,1,0
569,39,1,0
570,39,1,0
571,39,1,0
572,39,1,0
573,39,1,0
574,39,1,0
575,39,1,0
576,39,1,0
577,39,1,0
578,39,1,0
579,39,1,0
580,39,1,0
581,39,1,0
582,39,1,0
583,39,1,0
584,39,1,0
585,39,1,0
586,39,1,0
587,39,1,0
588,39,1,0
589,39,1,0
590,39,1,0
591,39,1,0
592,39,1,0
593,39,1,0
594,39,1,0
595,39,1,0
596,39,1,0
597,39,1,0
598,39,1,0
599,39,1,0
600,39,1,0
601,39,1,0
602,39,1,0
603,39,1,0
604,39,1,0
605,39,1,0
606,39,1,0
607,39,1,0
608,39,1,0
609,39,1,0
610,38,2,0
611,38,2,0
612,38,2,0
613,38,2,0
614,38,2,0
615,38,2,0
616,38,2,0
617,38,2,0
618,38,2,0
619,38,2,0
620,38,2,0
621,38,2,0
622,38,2,0
623,38,2,0
624,38,2,0
625,38,2,0
626,38,2,0
627,38,2,0
628,38,2,0
629,38,2,0
630,38,2,0
631,38,2,0
632,38,2,0
633,38,2,0
634,38,2,0
635,38,2,0
636,38,2,0
637,38,2,0
638,38,2,0
639,38,2,0
640,38,2,0
641,38,2,0
642,38,2,0
643,38,2,0
644,38,2,0
645,38,2,0
646,38,2,0
647,38,2,0
648,38,2,0
649,38,2,0
650,38,2,0
651,38,2,0
652,38,2,0
653,38,2,0
654,38,2,0
655,38,2,0
656,38,2,0
657,38,2,0
658,38,2,0
659,38,2,0
660,38,2,0
661,38,2,0
662,38,2,0
663,38,2,0
664,38,2,0
665,38,2,0
666,38,2,0
667,38,2,0
668,38,2,0
669,38,2,0
670,38,2,0
671,38,2,0
672,38,2,0
673,38,2,0
674,38,2,0
675,38,2,0
676,38,2,0
677,38,2,0
678,38,2,0
679,38,2,0
680,38,2,0
681,38,2,0
682,38,2,0
683,38,2,0
684,38,2,0
685,38,2,0
686,38,2,0
687,38,2,0
688,38,2,0
689,38,2,0
690,38,2,0
691,38,2,0
692,38,2,0
693,38,2,0
694,38,2,0
695,38,2,0
696,38,2,0
697,38,2,0
698,38,2,0
699,38,2,0
700,37,3,0
701,37,3,0
702,37,3,0
703,37,3,0
704,37,3,0
705,37,3,0
706,37,3,0
707,37,3,0
708,37,3,0
709,37,3,0
710,37,3,0
711,37,3,0
712,37,3,0
713,37,3,0
714,37,3,0
715,37,3,0
716,37,3,0
717,37,3,0
718,37,3,0
719,37,3,0
720,37,3,0
721,37,3,0
722,37,3,0
723,37,3,0
724,37,3,0
725,37,3,0
726,37,3,0
727,37,3,0
728,37,3,0
729,37,3,0
730,37,3,0
731,37,3,0
732,37,3,0
733,37,3,0
734,37,3,0
735,37,3,0
736,37,3,0
737,37,3,0
738,37,3,0
739,37,3,0
740,37,3,0
741,37,3,0
742,37,3,0
743,37,3,0
744,37,3,0
745,37,3,0
746,37,3,0
747,37,3,0
748,37,3,0
749,37,3,0
750,37,3,0
751,37,3,0
752,37,3,0
753,37,3,0
754,37,3,0
755,37,3,0
756,37,3,0
757,37,3,0
758,37,3,0
759,37,3,0
760,37,3,0
761,37,3,0
762,37,3,0
763,37,3,0
764,36,4,0
765,36,4,0
766,36,4,0
767,36,4,0
768,36,4,0
769,36,4,0
770,36,4,0
771,36,4,0
772,36,4,0
773,36,4,0
774,36,4,0
775,36,4,0
776,36,4,0
777,36,4,0
778,36,4,0
779,36,4,0
780,36,4,0
781,36,4,0
782,36,4,0
783,36,4,0
784,36,4,0
785,36,4,0
786,36,4,0
787,36,4,0
788,36,4,0
789,36,4,0
790,36,4,0
791,36,4,0
792,36,4,0
793,36,4,0
794,36,4,0
795,36,4,0
796,36,4,0
797,36,4,0
798,36,4,0
799,36,4,0
800,36,4,0
801,36,4,0
802,36,4,0
803,36,4,0
804,36,4,0
805,36,4,0
806,36,4,0
807,36,4,0
808,36,4,0
809,36,4,0
810,36,4,0
811,36,4,0
812,36,4,0
813,36,4,0
814,36,4,0
815,36,4,0
816,36,4,0
817,36,4,0
818,36,4,0
819,36,4,0
820,36,4,0
821,35,5,0
822,35,5,0
823,35,5,0
824,35,5,0
825,35,5,0
826,35,5,0
827,35,5,0
828,35,5,0
829,35,5,0
830,35,5,0
831,35,5,0
832,35,5,0
833,35,5,0
834,35,5,0
835,35,5,0
836,35,5,0
837,35,5,0
838,35,5,0
839,35,5,0
840,35,5,0
841,35,5,0
842,35,5,0
843,35,5,0
844,35,5,0
845,35,5,0
846,35,5,0
847,35,5,0
848,35,5,0
849,35,5,0
850,35,5,0
851,35,5,0
852,35,5,0
853,35,5,0
854,35,5,0
855,35,5,0
856,35,5,0
857,35,5,0
858,35,5,0
859,35,5,0
860,35,5,0
861,35,5,0
862,35,5,0
863,35,5,0
864,35,5,0
865,35,5,0
866,35,5,0
867,35,5,0
868,35,5,0
869,35,5,0
870,35,5,0
871,35,5,0
872,35,5,0
873,35,5,0
874,35,5,0
875,35,5,0
876,35,5,0
877,35,5,0
878,35,5,0
879,35,5,0
880,35,5,0
881,35,5,0
882,35,5,0
883,35,5,0
884,35,5,0
885,35,5,0
886,35,5,0
887,35,5,0
888,35,5,0
889,35,5,0
890,35,5,0
891,35,5,0
892,35,5,0
893,34,6,0
894,34,6,0
895,34,6,0
896,34,6,0
897,34,6,0
898,34,6,0
899,34,6,0
900,34,6,0
901,34,6,0
902,34,6,0
903,34,6,0
904,34,6,0
905,34,6,0
906,34,6,0
907,34,6,0
908,34,6,0
909,34,6,0
910,34,6,0
911,34,6,0
912,34,6,0
913,34,6,0
914,34,6,0
915,34,6,0
916,34,6,0
917,34,6,0
918,34,6,0
919,34,6,0
920,34,6,0
921,34,6,0
922,34,6,0
923,34,6,0
924,34,6,0
925,34,6,0
926,34,6,0
927,34,6,0
928,34,6,0
929,34,6,0
930,34,6,0
931,34,6,0
932,34,6,0
933,34,6,0
934,34,6,0
935,34,6,0
936,34,6,0
937,34,6,0
938,34,6,0
939,34,6,0
940,34,6,0
941,34,6,0
942,34,6,0
943,34,6,0
944,34,6,0
945,34,6,0
946,34,6,0
947,34,6,0
948,34,6,0
949,34,6,0
950,34,6,0
951,34,6,0
952,34,6,0
953,34,6,0
954,34,6,0
955,34,6,0
956,34,6,0
957,34,6,0
958,34,6,0
959,34,6,0
960,34,6,0
961,34,6,0
962,34,6,0
963,34,6,0
964,34,6,0
965,34,6,0
966,34,6,0
967,34,6,0
968,34,6,0
969,34,6,0
970,34,6,0
971,34,6,0
972,34,6,0
973,34,6,0
974,34,6,0
975,34,6,0
976,34,6,0
977,34,6,0
978,34,6,0
979,34,6,0
980,34,6,0
981,34,6,0
982,34,6,0
983,34,6,0
984,34,6,0
985,34,6,0
986,34,6,0
987,34,6,0
988,34,6,0
989,34,6,0
990,34,6,0
991,34,6,0
992,34,6,0
993,34,6,0
994,34,6,0
995,34,6,0
996,34,6,0
997,34,6,0
998,34,6,0
999,34,6,0
1000,34,6,0
1001,34,6,0
1002,34,6,0
1003,34,6,0
1004,34,6,0
1005,34,6,0
1006,34,6,0
1007,34,6,0
1008,34,6,0
1009,34,6,0
1010,34,6,0
1011,34,6,0
1012,34,6,0
1013,34,6,0
1014,34,6,0
1015,34,6,0
1016,34,6,0
1017,34,6,0
1018,34,6,0
1019,34,6,0
1020,34,6,0
1021,34,6,0
1022,34,6,0
1023,34,6,0
1024,34,6,0
1025,34,6,0
1026,34,6,0
1027,34,6,0
1028,34,6,0
1029,34,6,0
1030,34,6,0
1031,34,6,0
1032,34,6,0
1033,34,6,0
1034,34,6,0
1035,34,6,0
1036,34,6,0
1037,34,6,0
1038,34,6,0
1039,34,6,0
1040,34,6,0
1041,34,6,0
1042,34,6,0
1043,34,6,0
1044,34,6,0
1045,34,6,0
1046,34,6,0
1047,34,6,0
1048,34,6,0
1049,34,6,0
1050,34,6,0
1051,34,6,0
1052,34,6,0
1053,34,6,0
1054,34,6,0
1055,34,6,0
1056,34,6,0
1057,34,6,0
1058,34,6,0
1059,34,6,0
1060,34,6,0
1061,34,6,0
1062,34,6,0
1063,34,6,0
1064,34,6,0
1065,34,6,0
1066,34,6,0
1067,34,6,0
1068,34,6,0
1069,34,6,0
1070,34,6,0
1071,34,6,0
1072,34,6,0
1073,34,6,0
1074,34,6,0
1075,34,6,0
1076,34,6,0
1077,34,6,0
1078,34,6,0
1079,34,6,0
1080,34,6,0
1081,34,6,0
1082,34,6,0
1083,34,6,0
1084,34,6,0
1085,34,6,0
1086,34,6,0
1087,34,6,0
1088,34,6,0
1089,34,6,0
1090,34,6,0
1091,34,6,0
1092,34,6,0
1093,34,6,0
1094,34,6,0
1095,34,6,0
1096,34,6,0
1097,34,6,0
1098,34,6,0
1099,34,6,0
1100,34,6,0
1101,34,6,0
1102,34,6,0
1103,34,6,0
1104,34,6,0
1105,34,6,0
1106,34,6,0
1107,34,6,0
1108,34,6,0
1109,34,6,0
1110,34,6,0
1111,34,6,0
1112,34,6,0
1113,34,6,0
1114,34,6,0
1115,34,6,0
1116,34,6,0
1117,34,6,0
1118,34,6,0
1119,34,6,0
1120,34,6,0
1121,34,6,0
1122,34,6,0
1123,34,6,0
1124,34,6,0
1125,34,6,0
1126,34,6,0
1127,33,7,0
1128,33,7,0
1129,33,7,0
1130,33,7,0
1131,33,7,0
1132,33,7,0
1133,33,7,0
1134,33,7,0
1135,33,7,0
1136,33,7,0
1137,33,7,0
1138,33,7,0
1139,33,7,0
1140,33,7,0
1141,33,7,0
1142,33,7,0
1143,33,7,0
1144,33,7,0
1145,33,7,0
1146,33,7,0
1147,33,7,0
1148,33,7,0
1149,33,7,0
1150,33,7,0
1151,33,7,0
1152,33,7,0
1153,33,7,0
1154,33,7,0
1155,33,7,0
1156,33,7,0
1157,33,7,0
1158,33,7,0
1159,33,7,0
1160,33,7,0
1161,33,7,0
1162,33,7,0
1163,33,7,0
1164,33,7,0
1165,33,7,0
1166,33,7,0
1167,33,7,0
1168,33,7,0
1169,33,7,0
1170,33,7,0
1171,33,7,0
1172,33,7,0
1173,33,7,0
1174,33,7,0
1175,33,7,0
1176,33,7,0
1177,32,8,0
1178,31,9,0
1179,31,9,0
1180,31,9,0
1181,31,9,0
1182,31,9,0
1183,31,9,0
1184,31,9,0
1185,31,9,0
1186,31,9,0
1187,31,9,0
1188,31,9,0
1189,31,9,0
1190,31,9,0
1191,31,9,0
1192,31,9,0
1193,31,9,0
1194,31,9,0
1195,31,9,0
1196,31,9,0
1197,31,9,0
1198,31,9,0
1199,31,9,0
1200,31,9,0
1201,31,9,0
1202,31,9,0
1203,31,9,0
1204,31,9,0
1205,31,9,0
1206,31,9,0
1207,31,9,0
1208,31,9,0
1209,31,9,0
1210,31,9,0
1211,31,9,0
1212,31,9,0
1213,31,9,0
1214,31,9,0
1215,31,9,0
1216,31,9,0
1217,31,9,0
1218,31,9,0
1219,31,9,0
1220,31,9,0
1221,31,9,0
1222,31,9,0
1223,31,9,0
1224,31,9,0
1225,31,9,0
1226,31,9,0
1227,31,9,0
1228,31,9,0
1229,31,9,0
1230,31,9,0
1231,31,9,0
1232,31,9,0
1233,31,9,0
1234,31,9,0
1235,31,9,0
1236,31,9,0
1237,31,9,0
1238,31,9,0
1239,31,9,0
1240,31,9,0
1241,31,9,0
1242,31,9,0
1243,31,9,0
1244,31,9,0
1245,31,9,0
1246,31,9,0
1247,31,9,0
1248,31,9,0
1249,31,9,0
1250,31,9,0
1251,31,9,0
1252,31,9,0
1253,31,9,0
1254,31,9,0
1255,31,9,0
1256,31,9,0
1257,31,9,0
1258,31,9,0
1259,31,9,0
1260,31,9,0
1261,31,9,0
1262,31,9,0
1263,31,9,0
1264,31,9,0
1265,31,9,0
1266,31,9,0
1267,31,9,0
1268,31,9,0
1269,31,9,0
1270,31,9,0
1271,31,9,0
1272,31,9,0
1273,31,9,0
1274,31,9,0
1275,31,9,0
1276,31,9,0
1277,31,9,0
1278,31,9,0
1279,31,9,0
1280,31,9,0
1281,31,9,0
1282,31,9,0
1283,31,9,0
1284,31,9,0
1285,31,9,0
1286,31,9,0
1287,31,9,0
1288,31,9,0
1289,31,9,0
1290,31,9,0
1291,31,9,0
1292,31,9,0
1293,31,9,0
1294,31,9,0
1295,31,9,0
1296,31,9,0
1297,31,9,0
1298,31,9,0
1299,31,9,0
1300,31,9,0
1301,31,9,0
1302,31,9,0
1303,31,9,0
1304,31,9,0
1305,31,9,0
1306,31,9,0
1307,31,9,0
1308,31,9,0
1309,31,9,0
1310,31,9,0
1311,31,9,0
1312,30,10,0
1313,30,10,0
1314,30,10,0
1315,30,10,0
1316,30,10,0
1317,30,10,0
1318,30,10,0
1319,30,10,0
1320,30,10,0
1321,30,10,0
1322,30,10,0
1323,30,10,0
1324,30,10,0
1325,30,10,0
1326,30,10,0
1327,30,10,0
1328,30,10,0
1329,30,10,0
1330,30,10,0
1331,30,10,0
1332,30,10,0
1333,30,10,0
1334,30,10,0
1335,30,10,0
1336,30,10,0
1337,30,10,0
1338,30,10,0
1339,30,10,0
1340,30,10,0
1341,30,10,0
1342,30,10,0
1343,30,10,0
1344,30,10,0
1345,30,10,0
1346,30,10,0
1347,30,10,0
1348,30,10,0
1349,30,10,0
1350,30,10,0
1351,30,10,0
1352,30,10,0
1353,30,10,0
1354,30,10,0
1355,30,10,0
1356,30,10,0
1357,30,10,0
1358,30,10,0
1359,30,10,0
1360,30,10,0
1361,30,10,0
1362,30,10,0
1363,30,10,0
1364,30,10,0
1365,30,10,0
1366,30,10,0
1367,30,10,0
1368,30,10,0
1369,30,10,0
1370,30,10,0
1371,30,10,0
1372,30,10,0
1373,30,10,0
1374,30,10,0
1375,30,10,0
1376,30,10,0
1377,30,10,0
1378,30,10,0
1379,30,10,0
1380,30,10,0
1381,30,10,0
1382,30,10,0
1383,30,10,0
1384,30,10,0
1385,30,10,0
1386,30,10,0
1387,30,10,0
1388,30,10,0
1389,30,10,0
1390,30,10,0
1391,30,10,0
1392,30,10,0
1393,30,10,0
1394,30,10,0
1395,30,10,0
1396,30,10,0
1397,30,10,0
1398,30,10,0
1399,30,10,0
1400,30,10,0
1401,30,10,0
1402,30,10,0
1403,30,10,0
1404,30,10,0
1405,30,10,0
1406,30,10,0
1407,30,10,0
1408,30,10,0
1409,30,10,0
1410,30,10,0
1411,30,10,0
1412,30,10,0
1413,30,10,0
1414,30,10,0
1415,30,10,0
1416,30,10,0
1417,30,10,0
1418,30,10,0
1419,30,10,0
1420,30,10,0
1421,30,10,0
1422,30,10,0
1423,30,10,0
1424,30,10,0
1425,30,10,0
1426,30,10,0
1427,30,10,0
1428,30,10,0
1429,30,10,0
1430,30,10,0
1431,30,10,0
1432,30,10,0
1433,30,10,0
1434,30,10,0
1435,30,10,0
1436,30,10,0
1437,30,10,0
1438,30,10,0
1439,30,10,0
1440,30,10,0
1441,30,10,0
1442,30,10,0
1443,30,10,0
1444,30,10,0
1445,30,10,0
1446,30,10,0
1447,30,10,0
1448,30,10,0
1449,30,10,0
1450,30,10,0
1451,30,10,0
1452,30,10,0
1453,30,10,0
1454,30,10,0
1455,30,10,0
1456,30,10,0
1457,30,10,0
1458,30,10,0
1459,30,10,0
1460,30,10,0
1461,30,10,0
1462,30,10,0
1463,30,10,0
1464,30,10,0
1465,30,10,0
1466,30,10,0
1467,30,10,0
1468,30,10,0
1469,30,10,0
1470,30,10,0
1471,30,10,0
1472,30,10,0
1473,30,10,0
1474,30,10,0
1475,30,10,0
1476,30,10,0
1477,30,10,0
1478,30,10,0
1479,30,10,0
1480,30,10,0
1481,30,10,0
1482,30,10,0
1483,30,10,0
1484,30,10,0
1485,30,10,0
1486,30,10,0
1487,30,10,0
1488,30,10,0
1489,30,10,0
1490,30,10,0
1491,30,10,0
1492,30,10,0
1493,30,10,0
1494,30,10,0
1495,30,10,0
1496,29,11,0
1497,29,11,0
1498,29,11,0
1499,29,11,0
1500,29,11,0
1501,29,11,0
1502,29,11,0
1503,29,11,0
1504,29,11,0
1505,29,11,0
1506,29,11,0
1507,29,11,0
1508,29,11,0
1509,29,11,0
1510,29,11,0
1511,29,11,0
1512,29,11,0
1513,29,11,0
1514,29,11,0
1515,29,11,0
1516,29,11,0
1517,29,11,0
1518,29,11,0
1519,29,11,0
1520,29,11,0
1521,29,11,0
1522,29,11,0
1523,29,11,0
1524,29,11,0
1525,29,11,0
1526,29,11,0
1527,29,11,0
1528,29,11,0
1529,29,11,0
1530,29,11,0
1531,29,11,0
1532,29,11,0
1533,29,11,0
1534,29,11,0
1535,29,11,0
1536,29,11,0
1537,29,11,0
1538,29,11,0
1539,29,11,0
1540,29,11,0
1541,29,11,0
1542,29,11,0
1543,29,11,0
1544,29,11,0
1545,29,11,0
1546,29,11,0
1547,29,11,0
1548,29,11,0
1549,29,11,0
1550,29,11,0
1551,29,11,0
1552,29,11,0
1553,29,11,0
1554,29,11,0
1555,29,11,0
1556,29,11,0
1557,29,11,0
1558,29,11,0
1559,29,11,0
1560,29,11,0
1561,29,11,0
1562,29,11,0
1563,29,11,0
1564,29,11,0
1565,29,11,0
1566,29,11,0
1567,29,11,0
1568,29,11,0
1569,29,11,0
1570,29,11,0
1571,29,11,0
1572,29,11,0
1573,29,11,0
1574,29,11,0
1575,29,11,0
1576,29,11,0
1577,29,11,0
1578,29,11,0
1579,29,11,0
1580,29,11,0
1581,29,11,0
1582,29,11,0
1583,29,11,0
1584,29,11,0
1585,29,11,0
1586,29,11,0
1587,29,11,0
1588,29,11,0
1589,29,11,0
1590,29,11,0
1591,29,11,0
1592,29,11,0
1593,29,11,0
1594,29,11,0
1595,29,11,0
1596,29,11,0
1597,29,11,0
1598,29,11,0
1599,29,11,0
1600,29,11,0
1601,29,11,0
1602,29,11,0
1603,29,11,0
1604,29,11,0
1605,29,11,0
1606,29,11,0
1607,29,11,0
1608,29,11,0
1609,29,11,0
1610,29,11,0
1611,29,11,0
1612,29,11,0
1613,29,11,0
1614,29,11,0
1615,29,11,0
1616,29,11,0
1617,29,11,0
1618,29,11,0
1619,29,11,0
1620,29,11,0
1621,29,11,0
1622,29,11,0
1623,29,11,0
1624,29,11,0
1625,29,11,0
1626,29,11,0
1627,29,11,0
1628,29,11,0
1629,29,11,0
1630,29,11,0
1631,29,11,0
1632,29,11,0
1633,29,11,0
1634,29,11,0
1635,29,11,0
1636,29,11,0
1637,29,11,0
1638,29,11,0
1639,29,11,0
1640,29,11,0
1641,29,11,0
1642,29,11,0
1643,29,11,0
1644,29,11,0
1645,29,11,0
1646,29,11,0
1647,29,11,0
1648,29,11,0
1649,29,11,0
1650,29,11,0
1651,29,11,0
1652,29,11,0
1653,29,11,0
1654,29,11,0
1655,29,11,0
1656,29,11,0
1657,29,11,0
1658,29,11,0
1659,29,11,0
1660,29,11,0
1661,29,11,0
1662,29,11,0
1663,29,11,0
1664,29,11,0
1665,29,11,0
1666,29,11,0
1667,29,11,0
1668,29,11,0
1669,29,11,0
1670,29,11,0
1671,29,11,0
1672,29,11,0
1673,29,11,0
1674,29,11,0
1675,29,11,0
1676,29,11,0
1677,29,11,0
1678,29,11,0
1679,29,11,0
1680,29,11,0
1681,29,11,0
1682,29,11,0
1683,29,11,0
1684,29,11,0
1685,29,11,0
1686,29,11,0
1687,29,11,0
1688,29,11,0
1689,29,11,0
1690,29,11,0
1691,29,11,0
1692,29,11,0
1693,29,11,0
1694,29,11,0
1695,28,12,0
1696,28,12,0
1697,28,12,0
1698,28,12,0
1699,28,12,0
1700,28,12,0
1701,28,12,0
1702,28,12,0
1703,28,12,0
1704,28,12,0
1705,28,12,0
1706,28,12,0
1707,28,12,0
1708,28,12,0
1709,28,12,0
1710,28,12,0
1711,28,12,0
1712,28,12,0
1713,28,12,0
1714,28,12,0
1715,28,12,0
1716,28,12,0
1717,28,12,0
1718,28,12,0
1719,28,12,0
1720,28,12,0
1721,28,12,0
1722,28,12,0
1723,28,12,0
1724,28,12,0
1725,28,12,0
1726,28,12,0
1727,28,12,0
1728,28,12,0
1729,28,12,0
1730,28,12,0
1731,28,12,0
1732,28,12,0
1733,28,12,0
1734,28,12,0
1735,28,12,0
1736,28,12,0
1737,28,12,0
1738,28,12,0
1739,28,12,0
1740,28,12,0
1741,28,12,0
1742,28,12,0
1743,28,12,0
1744,28,12,0
1745,28,12,0
1746,28,12,0
1747,28,12,0
1748,28,12,0
1749,28,12,0
1750,28,12,0
1751,28,12,0
1752,28,12,0
1753,28,12,0
1754,28,12,0
1755,28,12,0
1756,28,12,0
1757,28,12,0
1758,28,12,0
1759,28,12,0
1760,28,12,0
1761,28,12,0
1762,28,12,0
1763,28,12,0
1764,28,12,0
1765,28,12,0
1766,28,12,0
1767,28,12,0
1768,28,12,0
1769,28,12,0
1770,28,12,0
1771,28,12,0
1772,28,12,0
1773,28,12,0
1774,27,13,0
1775,27,13,0
1776,27,13,0
1777,27,13,0
1778,27,13,0
1779,27,13,0
1780,27,13,0
1781,27,13,0
1782,27,13,0
1783,27,13,0
1784,27,13,0
1785,27,13,0
1786,27,13,0
1787,27,13,0
1788,27,13,0
1789,27,13,0
1790,27,13,0
1791,27,13,0
1792,27,13,0
1793,27,13,0
1794,27,13,0
1795,27,13,0
1796,26,14,0
1797,26,14,0
1798,26,14,0
1799,26,14,0
1800,26,14,0
1801,26,14,0
1802,26,14,0
1803,26,14,0
1804,26,14,0
1805,26,14,0
1806,26,14,0
1807,26,14,0
1808,26,14,0
1809,26,14,0
1810,26,14,0
1811,26,14,0
1812,26,14,0
1813,26,14,0
1814,26,14,0
1815,26,14,0
1816,26,14,0
1817,26,14,0
1818,26,14,0
1819,26,14,0
1820,26,14,0
1821,26,14,0
1822,26,14,0
1823,26,14,0
1824,26,14,0
1825,26,14,0
1826,26,14,0
1827,26,14,0
1828,26,14,0
1829,26,14,0
1830,26,14,0
1831,26,14,0
1832,26,14,0
1833,26,14,0
1834,26,14,0
1835,26,14,0
1836,26,14,0
1837,26,14,0
1838,26,14,0
1839,26,14,0
1840,26,14,0
1841,26,14,0
1842,26,14,0
1843,26,14,0
1844,26,14,0
1845,26,14,0
1846,26,14,0
1847,26,14,0
1848,26,14,0
1849,26,14,0
1850,26,14,0
1851,26,14,0
1852,26,14,0
1853,26,14,0
1854,26,14,0
1855,26,14,0
1856,26,14,0
1857,26,14,0
1858,26,14,0
1859,26,14,0
1860,25,15,0
1861,25,15,0
1862,25,15,0
1863,25,15,0
1864,25,15,0
1865,25,15,0
1866,25,15,0
1867,25,15,0
1868,25,15,0
1869,25,15,0
1870,25,15,0
1871,25,15,0
1872,25,15,0
1873,25,15,0
1874,25,15,0
1875,25,15,0
1876,25,15,0
1877,25,15,0
1878,25,15,0
1879,25,15,0
1880,25,15,0
1881,25,15,0
1882,25,15,0
1883,25,15,0
1884,25,15,0
1885,25,15,0
1886,25,15,0
1887,25,15,0
1888,25,15,0
1889,25,15,0
1890,25,15,0
1891,24,16,0
1892,24,16,0
1893,24,16,0
1894,24,16,0
1895,24,16,0
1896,24,16,0
1897,24,16,0
1898,24,16,0
1899,24,16,0
1900,24,16,0
1901,24,16,0
1902,24,16,0
1903,24,16,0
1904,24,16,0
1905,24,16,0
1906,24,16,0
1907,24,16,0
1908,24,16,0
1909,24,16,0
1910,24,16,0
1911,24,16,0
1912,24,16,0
1913,24,16,0
1914,24,16,0
1915,24,16,0
1916,24,16,0
1917,24,16,0
1918,24,16,0
1919,24,16,0
1920,24,16,0
1921,24,16,0
1922,24,16,0
1923,24,16,0
1924,24,16,0
1925,24,16,0
1926,24,16,0
1927,24,16,0
1928,24,16,0
1929,24,16,0
1930,24,16,0
1931,24,16,0
1932,24,16,0
1933,24,16,0
1934,24,16,0
1935,24,16,0
1936,24,16,0
1937,24,16,0
1938,24,16,0
1939,24,16,0
1940,23,17,0
1941,23,17,0
1942,23,17,0
1943,23,17,0
1944,23,17,0
1945,23,17,0
1946,23,17,0
1947,23,17,0
1948,23,17,0
1949,23,17,0
1950,23,17,0
1951,23,17,0
1952,23,17,0
1953,23,17,0
1954,23,17,0
1955,23,17,0
1956,23,17,0
1957,23,17,0
1958,23,17,0
1959,23,17,0
1960,23,17,0
1961,23,17,0
1962,23,17,0
1963,23,17,0
1964,23,17,0
1965,23,17,0
1966,23,17,0
1967,23,17,0
1968,23,17,0
1969,23,17,0
1970,23,17,0
1971,23,17,0
1972,23,17,0
1973,23,17,0
1974,23,17,0
1975,23,17,0
1976,23,17,0
1977,23,17,0
1978,23,17,0
1979,23,17,0
1980,23,17,0
1981,23,17,0
1982,23,17,0
1983,23,17,0
1984,23,17,0
1985,23,17,0
1986,23,17,0
1987,23,17,0
1988,23,17,0
1989,23,17,0
1990,23,17,0
1991,23,17,0
1992,23,17,0
1993,23,17,0
1994,23,17,0
1995,23,17,0
1996,23,17,0
1997,23,17,0
1998,23,17,0
1999,23,17,0
2000,23,17,0
2001,23,17,0
2002,23,17,0
2003,23,17,0
2004,23,17,0
2005,23,17,0
2006,23,17,0
2007,23,17,0
2008,23,17,0
2009,23,17,0
2010,23,17,0
2011,23,17,0
2012,23,17,0
2013,23,17,0
2014,23,17,0
2015,23,17,0
2016,23,17,0
2017,23,17,0
2018,23,17,0
2019,23,17,0
2020,23,17,0
2021,23,17,0
2022,23,17,0
2023,23,17,0
2024,23,17,0
2025,23,17,0
2026,23,17,0
2027,23,17,0
2028,23,17,0
2029,23,17,0
2030,23,17,0
2031,23,17,0
2032,23,17,0
2033,23,17,0
2034,23,17,0
2035,23,17,0
2036,23,17,0
2037,23,17,0
2038,23,17,0
2039,23,17,0
2040,23,17,0
2041,23,17,0
2042,23,17,0
2043,23,17,0
2044,23,17,0
2045,23,17,0
2046,23,17,0
2047,23,17,0
2048,23,17,0
2049,23,17,0
2050,23,17,0
2051,23,17,0
2052,23,17,0
2053,23,17,0
2054,23,17,0
2055,23,17,0
2056,23,17,0
2057,23,17,0
2058,23,17,0
2059,23,17,0
2060,23,17,0
2061,23,17,0
2062,23,17,0
2063,23,17,0
2064,23,17,0
2065,23,17,0
2066,23,17,0
2067,23,17,0
2068,23,17,0
2069,23,17,0
2070,23,17,0
2071,23,17,0
2072,23,17,0
2073,23,17,0
2074,23,17,0
2075,23,17,0
2076,22,18,0
2077,22,18,0
2078,22,18,0
2079,22,18,0
2080,22,18,0
2081,22,18,0
2082,22,18,0
2083,22,18,0
2084,22,18,0
2085,22,18,0
2086,22,18,0
2087,22,18,0
2088,22,18,0
2089,22,18,0
2090,22,18,0
2091,22,18,0
2092,22,18,0
2093,22,18,0
2094,22,18,0
2095,22,18,0
2096,22,18,0
2097,22,18,0
2098,22,18,0
2099,22,18,0
2100,22,18,0
2101,22,18,0
2102,22,18,0
2103,22,18,0
2104,22,18,0
2105,22,18,0
2106,22,18,0
2107,22,18,0
2108,22,18,0
2109,22,18,0
2110,22,18,0
2111,22,18,0
2112,22,18,0
2113,22,18,0
2114,22,18,0
2115,22,18,0
2116,22,18,0
2117,22,18,0
2118,22,18,0
2119,22,18,0
2120,22,18,0
2121,22,18,0
2122,22,18,0
2123,22,18,0
2124,22,18,0
2125,22,18,0
2126,22,18,0
2127,22,18,0
2128,22,18,0
2129,22,18,0
2130,22,18,0
2131,22,18,0
2132,22,18,0
2133,22,18,0
2134,22,18,0
2135,22,18,0
2136,22,18,0
2137,22,18,0
2138,22,18,0
2139,22,18,0
2140,22,18,0
2141,22,18,0
2142,22,18,0
2143,22,18,0
2144,22,18,0
2145,22,18,0
2146,22,18,0
2147,22,18,0
2148,22,18,0
2149,22,18,0
2150,22,18,0
2151,22,18,0
2152,22,18,0
2153,22,18,0
2154,22,18,0
2155,22,18,0
2156,22,18,0
2157,22,18,0
2158,22,18,0
2159,22,18,0
2160,22,18,0
2161,22,18,0
2162,22,18,0
2163,22,18,0
2164,22,18,0
2165,22,18,0
2166,22,18,0
2167,22,18,0
2168,22,18,0
2169,22,18,0
2170,22,18,0
2171,22,18,0
2172,22,18,0
2173,22,18,0
2174,22,18,0
2175,22,18,0
2176,22,18,0
2177,22,18,0
2178,22,18,0
2179,22,18,0
2180,22,18,0
2181,22,18,0
2182,22,18,0
2183,22,18,0
2184,22,18,0
2185,22,18,0
2186,22,18,0
2187,22,18,0
2188,22,18,0
2189,22,18,0
2190,22,18,0
2191,22,18,0
2192,22,18,0
2193,22,18,0
2194,22,18,0
2195,22,18,0
2196,22,18,0
2197,22,18,0
2198,22,18,0
2199,22,18,0
2200,22,18,0
2201,22,18,0
2202,22,18,0
2203,22,18,0
2204,22,18,0
2205,22,18,0
2206,22,18,0
2207,22,18,0
2208,22,18,0
2209,22,18,0
2210,22,18,0
2211,22,18,0
2212,22,18,0
2213,22,18,0
2214,22,18,0
2215,22,18,0
2216,22,18,0
2217,22,18,0
2218,22,18,0
2219,22,18,0
2220,22,18,0
2221,22,18,0
2222,22,18,0
2223,22,18,0
2224,22,18,0
2225,22,18,0
2226,22,18,0
2227,22,18,0
2228,22,18,0
2229,22,18,0
2230,22,18,0
2231,22,18,0
2232,22,18,0
2233,22,18,0
2234,22,18,0
2235,22,18,0
2236,22,18,0
2237,22,18,0
2238,22,18,0
2239,22,18,0
2240,22,18,0
2241,22,18,0
2242,22,18,0
2243,22,18,0
2244,22,18,0
2245,22,18,0
2246,22,18,0
2247,22,18,0
2248,22,18,0
2249,22,18,0
2250,22,18,0
2251,22,18,0
2252,22,18,0
2253,22,18,0
2254,22,18,0
2255,22,18,0
2256,22,18,0
2257,22,18,0
2258,22,18,0
2259,22,18,0
2260,22,18,0
2261,22,18,0
2262,22,18,0
2263,22,18,0
2264,22,18,0
2265,22,18,0
2266,22,18,0
2267,22,18,0
2268,22,18,0
2269,22,18,0
2270,22,18,0
2271,22,18,0
2272,22,18,0
2273,22,18,0
2274,22,18,0
2275,22,18,0
2276,22,18,0
2277,22,18,0
2278,22,18,0
2279,22,18,0
2280,22,18,0
2281,22,18,0
2282,22,18,0
2283,22,18,0
2284,22,18,0
2285,22,18,0
2286,22,18,0
2287,22,18,0
2288,22,18,0
2289,22,18,0
2290,22,18,0
2291,22,18,0
2292,22,18,0
2293,22,18,0
2294,22,18,0
2295,22,18,0
2296,22,18,0
2297,22,18,0
2298,22,18,0
2299,22,18,0
2300,22,18,0
2301,22,18,0
2302,22,18,0
2303,22,18,0
2304,22,18,0
2305,22,18,0
2306,22,18,0
2307,22,18,0
2308,22,18,0
2309,22,18,0
2310,22,18,0
2311,22,18,0
2312,22,18,0
2313,22,18,0
2314,22,18,0
2315,22,18,0
2316,22,18,0
2317,22,18,0
2318,22,18,0
2319,22,18,0
2320,22,18,0
2321,22,18,0
2322,22,18,0
2323,22,18,0
2324,22,18,0
2325,22,18,0
2326,22,18,0
2327,22,18,0
2328,22,18,0
2329,22,18,0
2330,22,18,0
2331,22,18,0
2332,22,18,0
2333,22,18,0
2334,22,18,0
2335,22,18,0
2336,22,18,0
2337,22,18,0
2338,22,18,0
2339,22,18,0
2340,22,18,0
2341,22,18,0
2342,22,18,0
2343,22,18,0
2344,22,18,0
2345,22,18,0
2346,22,18,0
2347,22,18,0
2348,22,18,0
2349,22,18,0
2350,22,18,0
2351,22,18,0
2352,22,18,0
2353,22,18,0
2354,22,18,0
2355,22,18,0
2356,22,18,0
2357,22,18,0
2358,22,18,0
2359,22,18,0
2360,22,18,0
2361,22,18,0
2362,22,18,0
2363,22,18,0
2364,22,18,0
2365,22,18,0
2366,22,18,0
2367,22,18,0
2368,22,18,0
2369,22,18,0
2370,22,18,0
2371,22,18,0
2372,22,18,0
2373,22,18,0
2374,22,18,0
2375,22,18,0
2376,22,18,0
2377,22,18,0
2378,22,18,0
2379,22,18,0
2380,22,18,0
2381,22,18,0
2382,22,18,0
2383,22,18,0
2384,22,18,0
2385,22,18,0
2386,22,18,0
2387,22,18,0
2388,22,18,0
2389,22,18,0
2390,22,18,0
2391,22,18,0
2392,22,18,0
2393,22,18,0
2394,22,18,0
2395,22,18,0
2396,22,18,0
2397,22,18,0
2398,22,18,0
2399,22,18,0
2400,22,17,1
2401,22,17,1
2402,22,17,1
2403,22,17,1
2404,22,17,1
2405,22,17,1
2406,22,17,1
2407,22,17,1
2408,22,17,1
2409,22,17,1
2410,22,17,1
2411,22,17,1
2412,22,17,1
2413,22,17,1
2414,22,17,1
2415,22,17,1
2416,22,17,1
2417,22,17,1
2418,22,17,1
2419,22,17,1
2420,22,17,1
2421,22,17,1
2422,22,17,1
2423,22,17,1
2424,22,17,1
2425,22,17,1
2426,22,17,1
2427,22,17,1
2428,22,17,1
2429,22,17,1
2430,22,17,1
2431,22,17,1
2432,22,17,1
2433,22,17,1
2434,22,17,1
2435,22,17,1
2436,22,17,1
2437,22,17,1
2438,22,17,1
2439,22,17,1
2440,22,17,1
2441,22,17,1
2442,22,17,1
2443,22,17,1
2444,22,17,1
2445,22,17,1
2446,22,17,1
2447,22,17,1
2448,22,17,1
2449,22,17,1
2450,22,17,1
2451,22,17,1
2452,22,17,1
2453,22,17,1
2454,22,17,1
2455,22,17,1
2456,22,17,1
2457,22,17,1
2458,22,17,1
2459,22,17,1
2460,22,17,1
2461,22,17,1
2462,22,17,1
2463,22,17,1
2464,22,17,1
2465,22,17,1
2466,22,17,1
2467,22,17,1
2468,22,17,1
2469,22,17,1
2470,22,17,1
2471,22,17,1
2472,22,17,1
2473,22,17,1
2474,22,17,1
2475,22,17,1
2476,22,17,1
2477,22,17,1
2478,22,17,1
2479,22,17,1
2480,22,17,1
2481,22,17,1
2482,22,17,1
2483,22,17,1
2484,22,17,1
2485,22,17,1
2486,22,17,1
2487,22,17,1
2488,22,17,1
2489,22,17,1
2490,22,17,1
2491,22,17,1
2492,22,17,1
2493,22,17,1
2494,22,17,1
2495,22,17,1
2496,22,17,1
2497,22,17,1
2498,22,17,1
2499,22,17,1
2500,22,17,1
2501,22,17,1
2502,22,17,1
2503,22,17,1
2504,22,17,1
2505,22,17,1
2506,22,17,1
2507,22,17,1
2508,22,17,1
2509,22,17,1
2510,22,17,1
2511,22,17,1
2512,22,17,1
2513,22,17,1
2514,22,17,1
2515,22,17,1
2516,22,17,1
2517,22,17,1
2518,22,17,1
2519,22,17,1
2520,22,17,1
2521,22,17,1
2522,22,17,1
2523,22,17,1
2524,22,17,1
2525,22,17,1
2526,22,17,1
2527,22,17,1
2528,22,17,1
2529,22,17,1
2530,21,18,1
2531,21,18,1
2532,21,18,1
2533,21,18,1
2534,21,18,1
2535,21,18,1
2536,21,18,1
2537,21,18,1
2538,21,18,1
2539,21,18,1
2540,21,18,1
2541,21,18,1
2542,21,18,1
2543,21,18,1
2544,21,18,1
2545,21,18,1
2546,21,18,1
2547,21,18,1
2548,21,18,1
2549,21,18,1
2550,21,18,1
2551,21,18,1
2552,21,18,1
2553,21,18,1
2554,21,18,1
2555,21,18,1
2556,21,18,1
2557,21,18,1
2558,21,18,1
2559,21,18,1
2560,21,18,1
2561,21,18,1
2562,20,19,1
2563,20,19,1
2564,20,19,1
2565,20,19,1
2566,20,19,1
2567,20,19,1
2568,20,19,1
2569,20,19,1
2570,20,19,1
2571,20,19,1
2572,20,19,1
2573,20,19,1
2574,20,19,1
2575,20,19,1
2576,20,19,1
2577,20,19,1
2578,20,19,1
2579,20,19,1
2580,20,19,1
2581,20,19,1
2582,20,19,1
2583,20,19,1
2584,20,19,1
2585,20,19,1
2586,20,19,1
2587,20,19,1
2588,20,19,1
2589,20,19,1
2590,20,19,1
2591,20,19,1
2592,20,19,1
2593,20,19,1
2594,20,19,1
2595,20,19,1
2596,20,19,1
2597,20,19,1
2598,20,19,1
2599,20,19,1
2600,20,19,1
2601,20,19,1
2602,20,19,1
2603,20,19,1
2604,20,19,1
2605,20,19,1
2606,20,19,1
2607,20,19,1
2608,20,19,1
2609,20,19,1
2610,20,19,1
2611,20,19,1
2612,20,19,1
2613,20,19,1
2614,20,19,1
2615,20,19,1
2616,20,19,1
2617,20,19,1
2618,20,19,1
2619,20,19,1
2620,20,19,1
2621,20,19,1
2622,20,19,1
2623,20,19,1
2624,20,19,1
2625,20,19,1
2626,20,19,1
2627,20,19,1
2628,20,19,1
2629,20,19,1
2630,20,19,1
2631,20,19,1
2632,20,19,1
2633,20,19,1
2634,20,19,1
2635,20,19,1
2636,20,19,1
2637,20,19,1
2638,19,20,1
2639,19,20,1
2640,19,20,1
2641,19,20,1
2642,19,20,1
2643,19,20,1
2644,19,20,1
2645,19,20,1
2646,19,20,1
2647,19,20,1
2648,19,20,1
2649,19,20,1
2650,19,20,1
2651,19,20,1
2652,19,20,1
2653,19,20,1
2654,19,20,1
2655,19,20,1
2656,19,20,1
2657,19,20,1
2658,19,20,1
2659,19,20,1
2660,19,20,1
2661,19,20,1
2662,19,20,1
2663,19,20,1
2664,19,20,1
2665,19,20,1
2666,19,20,1
2667,19,20,1
2668,18,21,1
2669,18,21,1
2670,18,21,1
2671,18,21,1
2672,18,21,1
2673,18,21,1
2674,18,21,1
2675,18,21,1
2676,18,21,1
2677,18,21,1
2678,18,21,1
2679,18,21,1
2680,18,21,1
2681,18,21,1
2682,18,21,1
2683,18,21,1
2684,18,21,1
2685,18,21,1
2686,18,21,1
2687,18,21,1
2688,18,21,1
2689,18,21,1
2690,18,21,1
2691,18,21,1
2692,18,21,1
2693,18,21,1
2694,18,21,1
2695,18,21,1
2696,18,21,1
2697,18,21,1
2698,18,21,1
2699,18,21,1
2700,18,21,1
2701,18,21,1
2702,18,21,1
2703,18,21,1
2704,18,21,1
2705,18,21,1
2706,18,21,1
2707,18,21,1
2708,18,21,1
2709,18,21,1
2710,18,21,1
2711,18,21,1
2712,18,21,1
2713,18,21,1
2714,18,21,1
2715,18,21,1
2716,18,21,1
2717,18,21,1
2718,18,21,1
2719,18,21,1
2720,18,21,1
2721,18,21,1
2722,18,21,1
2723,18,21,1
2724,17,22,1
2725,17,22,1
2726,17,22,1
2727,17,22,1
2728,17,22,1
2729,17,22,1
2730,17,22,1
2731,17,22,1
2732,17,22,1
2733,17,22,1
2734,17,22,1
2735,17,22,1
2736,17,22,1
2737,17,22,1
2738,17,22,1
2739,17,22,1
2740,17,22,1
2741,17,22,1
2742,16,23,1
2743,16,23,1
2744,16,23,1
2745,16,23,1
2746,16,23,1
2747,16,23,1
2748,16,23,1
2749,16,23,1
2750,16,23,1
2751,16,23,1
2752,16,23,1
2753,16,23,1
2754,16,23,1
2755,16,23,1
2756,16,23,1
2757,16,23,1
2758,16,23,1
2759,16,23,1
2760,16,23,1
2761,16,23,1
2762,16,23,1
2763,16,23,1
2764,16,23,1
2765,16,23,1
2766,15,24,1
2767,15,24,1
2768,15,24,1
2769,15,24,1
2770,15,24,1
2771,15,24,1
2772,15,24,1
2773,15,24,1
2774,15,24,1
2775,15,24,1
2776,15,24,1
2777,15,24,1
2778,15,24,1
2779,15,24,1
2780,15,24,1
2781,15,24,1
2782,15,24,1
2783,15,24,1
2784,15,24,1
2785,15,24,1
2786,15,24,1
2787,15,24,1
2788,15,24,1
2789,15,24,1
2790,15,24,1
2791,15,24,1
2792,15,24,1
2793,15,24,1
2794,15,24,1
2795,15,24,1
2796,15,24,1
2797,15,24,1
2798,15,24,1
2799,15,24,1
2800,15,24,1
2801,15,24,1
2802,15,24,1
2803,15,24,1
2804,15,24,1
2805,15,24,1
2806,15,24,1
2807,15,24,1
2808,15,24,1
2809,15,24,1
2810,15,24,1
2811,15,24,1
2812,15,24,1
2813,15,24,1
2814,15,24,1
2815,15,24,1
2816,15,24,1
2817,15,24,1
2818,15,24,1
2819,15,24,1
2820,15,24,1
2821,15,24,1
2822,15,24,1
2823,15,24,1
2824,15,24,1
2825,15,24,1
2826,15,24,1
2827,15,24,1
2828,15,24,1
2829,15,24,1
2830,15,24,1
2831,15,24,1
2832,15,24,1
2833,15,24,1
2834,15,24,1
2835,15,24,1
2836,15,24,1
2837,15,24,1
2838,15,24,1
2839,15,24,1
2840,15,24,1
2841,15,24,1
2842,15,24,1
2843,15,24,1
2844,15,24,1
2845,15,24,1
2846,15,24,1
2847,15,24,1
2848,15,24,1
2849,15,24,1
2850,15,24,1
2851,15,24,1
2852,15,24,1
2853,15,24,1
2854,15,24,1
2855,15,24,1
2856,15,24,1
2857,15,24,1
2858,15,24,1
2859,15,24,1
2860,15,24,1
2861,15,24,1
2862,15,24,1
2863,15,24,1
2864,15,24,1
2865,15,24,1
2866,15,24,1
2867,15,24,1
2868,15,24,1
2869,15,24,1
2870,15,24,1
2871,15,24,1
2872,15,24,1
2873,15,24,1
2874,15,24,1
2875,15,24,1
2876,15,24,1
2877,15,24,1
2878,15,24,1
2879,15,24,1
2880,15,24,1
2881,15,24,1
2882,15,24,1
2883,15,24,1
2884,15,24,1
2885,15,24,1
2886,15,24,1
2887,15,24,1
2888,15,24,1
2889,15,24,1
2890,15,24,1
2891,15,24,1
2892,15,24,1
2893,15,24,1
2894,15,24,1
2895,15,24,1
2896,15,24,1
2897,15,24,1
2898,15,24,1
2899,15,24,1
2900,15,24,1
2901,15,24,1
2902,15,24,1
2903,15,24,1
2904,15,24,1
2905,15,24,1
2906,15,24,1
2907,15,24,1
2908,15,24,1
2909,15,24,1
2910,15,24,1
2911,15,24,1
2912,15,24,1
2913,15,24,1
2914,15,24,1
2915,15,24,1
2916,15,24,1
2917,15,24,1
2918,15,24,1
2919,15,24,1
2920,15,24,1
2921,15,24,1
2922,15,24,1
2923,15,24,1
2924,15,24,1
2925,15,24,1
2926,15,24,1
2927,15,24,1
2928,14,25,1
2929,14,25,1
2930,14,25,1
2931,14,25,1
2932,14,25,1
2933,14,25,1
2934,14,25,1
2935,14,25,1
2936,14,25,1
2937,14,25,1
2938,14,25,1
2939,14,25,1
2940,14,25,1
2941,14,25,1
2942,14,25,1
2943,14,25,1
2944,14,25,1
2945,14,25,1
2946,14,25,1
2947,14,25,1
2948,14,25,1
2949,14,25,1
2950,14,25,1
2951,14,25,1
2952,14,25,1
2953,14,25,1
2954,14,25,1
2955,14,25,1
2956,14,25,1
2957,14,25,1
2958,14,25,1
2959,14,25,1
2960,14,25,1
2961,14,25,1
2962,14,25,1
2963,14,25,1
2964,14,25,1
2965,14,25,1
2966,14,25,1
2967,14,25,1
2968,13,26,1
2969,13,26,1
2970,13,26,1
2971,13,26,1
2972,13,26,1
2973,13,26,1
2974,13,26,1
2975,13,26,1
2976,13,26,1
2977,13,26,1
2978,13,26,1
2979,13,26,1
2980,13,26,1
2981,13,26,1
2982,13,26,1
2983,13,26,1
2984,13,26,1
2985,13,26,1
2986,13,26,1
2987,13,26,1
2988,13,26,1
2989,13,26,1
2990,13,26,1
2991,13,26,1
2992,13,26,1
2993,12,27,1
2994,12,27,1
2995,12,27,1
2996,12,27,1
2997,12,27,1
2998,12,27,1
2999,12,27,1
3000,12,27,1
3001,12,27,1
3002,12,27,1
3003,12,27,1
3004,12,27,1
3005,12,27,1
3006,12,27,1
3007,12,27,1
3008,12,27,1
3009,12,27,1
3010,12,26,2
3011,12,26,2
3012,12,26,2
3013,12,26,2
3014,12,26,2
3015,12,26,2
3016,12,26,2
3017,12,26,2
3018,12,26,2
3019,12,26,2
3020,11,27,2
3021,11,27,2
3022,11,27,2
3023,11,27,2
3024,11,27,2
3025,11,27,2
3026,11,27,2
3027,11,27,2
3028,11,27,2
3029,11,27,2
3030,11,27,2
3031,11,27,2
3032,11,27,2
3033,11,27,2
3034,11,27,2
3035,11,27,2
3036,11,27,2
3037,11,27,2
3038,11,27,2
3039,11,27,2
3040,11,27,2
3041,11,27,2
3042,11,27,2
3043,11,27,2
3044,11,27,2
3045,11,27,2
3046,11,27,2
3047,11,27,2
3048,11,27,2
3049,11,27,2
3050,11,27,2
3051,11,27,2
3052,11,27,2
3053,11,27,2
3054,11,27,2
3055,11,27,2
3056,11,27,2
3057,11,27,2
3058,11,27,2
3059,11,27,2
3060,11,27,2
3061,11,27,2
3062,11,27,2
3063,11,27,2
3064,11,27,2
3065,11,27,2
3066,11,27,2
3067,10,28,2
3068,9,29,2
3069,9,29,2
3070,9,29,2
3071,9,29,2
3072,9,29,2
3073,9,29,2
3074,9,29,2
3075,9,29,2
3076,9,29,2
3077,9,29,2
3078,9,29,2
3079,9,29,2
3080,9,29,2
3081,9,29,2
3082,9,29,2
3083,9,29,2
3084,9,29,2
3085,9,29,2
3086,9,29,2
3087,9,29,2
3088,9,29,2
3089,9,29,2
3090,9,29,2
3091,9,29,2
3092,9,29,2
3093,9,29,2
3094,9,29,2
3095,9,29,2
3096,9,29,2
3097,9,29,2
3098,9,29,2
3099,9,29,2
3100,9,28,3
3101,9,28,3
3102,9,28,3
3103,9,28,3
3104,9,28,3
3105,9,28,3
3106,9,28,3
3107,9,28,3
3108,9,28,3
3109,9,28,3
3110,9,28,3
3111,9,28,3
3112,9,28,3
3113,9,28,3
3114,9,28,3
3115,9,28,3
3116,9,28,3
3117,9,28,3
3118,9,28,3
3119,9,28,3
3120,9,28,3
3121,9,28,3
3122,9,28,3
3123,9,28,3
3124,9,28,3
3125,9,28,3
3126,9,28,3
3127,9,28,3
3128,9,28,3
3129,9,28,3
3130,9,28,3
3131,9,28,3
3132,9,28,3
3133,9,28,3
3134,9,28,3
3135,9,28,3
3136,9,28,3
3137,9,28,3
3138,9,28,3
3139,9,28,3
3140,9,28,3
3141,9,28,3
3142,9,28,3
3143,9,28,3
3144,9,28,3
3145,9,28,3
3146,9,28,3
3147,9,28,3
3148,9,28,3
3149,9,28,3
3150,9,28,3
3151,9,28,3
3152,9,28,3
3153,9,28,3
3154,9,28,3
3155,8,29,3
3156,8,29,3
3157,8,29,3
3158,8,29,3
3159,8,29,3
3160,8,29,3
3161,8,29,3
3162,8,29,3
3163,8,29,3
3164,8,28,4
3165,8,28,4
3166,8,28,4
3167,8,28,4
3168,8,28,4
3169,8,28,4
3170,8,28,4
3171,8,28,4
3172,8,28,4
3173,8,28,4
3174,8,28,4
3175,8,28,4
3176,8,28,4
3177,8,28,4
3178,8,28,4
3179,8,28,4
3180,8,28,4
3181,8,28,4
3182,8,28,4
3183,8,28,4
3184,8,28,4
3185,8,28,4
3186,8,28,4
3187,8,28,4
3188,8,28,4
3189,8,28,4
3190,8,28,4
3191,8,28,4
3192,8,28,4
3193,8,28,4
3194,8,28,4
3195,8,28,4
3196,8,28,4
3197,8,28,4
3198,8,28,4
3199,8,28,4
3200,8,28,4
3201,8,28,4
3202,8,28,4
3203,8,28,4
3204,8,28,4
3205,8,28,4
3206,8,28,4
3207,8,28,4
3208,8,28,4
3209,7,29,4
3210,7,29,4
3211,7,29,4
3212,7,29,4
3213,7,29,4
3214,7,29,4
3215,7,29,4
3216,7,29,4
3217,7,29,4
3218,7,29,4
3219,7,29,4
3220,7,29,4
3221,7,28,5
3222,7,28,5
3223,6,29,5
3224,6,29,5
3225,6,29,5
3226,6,29,5
3227,6,29,5
3228,6,29,5
3229,6,29,5
3230,6,29,5
3231,6,29,5
3232,6,29,5
3233,6,29,5
3234,6,29,5
3235,6,29,5
3236,6,29,5
3237,6,29,5
3238,6,29,5
3239,6,29,5
3240,6,29,5
3241,6,29,5
3242,6,29,5
3243,6,29,5
3244,6,29,5
3245,6,29,5
3246,6,29,5
3247,6,29,5
3248,6,29,5
3249,6,29,5
3250,6,29,5
3251,6,29,5
3252,6,29,5
3253,6,29,5
3254,6,29,5
3255,6,29,5
3256,6,29,5
3257,6,29,5
3258,6,29,5
3259,6,29,5
3260,6,29,5
3261,6,29,5
3262,6,29,5
3263,6,29,5
3264,6,29,5
3265,6,29,5
3266,6,29,5
3267,6,29,5
3268,6,29,5
3269,6,29,5
3270,6,29,5
3271,6,29,5
3272,6,29,5
3273,6,29,5
3274,6,29,5
3275,6,29,5
3276,6,29,5
3277,6,29,5
3278,6,29,5
3279,6,29,5
3280,6,29,5
3281,6,29,5
3282,6,29,5
3283,6,29,5
3284,6,29,5
3285,6,29,5
3286,6,29,5
3287,6,29,5
3288,6,29,5
3289,6,29,5
3290,6,29,5
3291,6,29,5
3292,6,29,5
3293,6,28,6
3294,6,28,6
3295,6,28,6
3296,6,28,6
3297,6,28,6
3298,6,28,6
3299,6,28,6
3300,6,28,6
3301,6,28,6
3302,6,28,6
3303,6,28,6
3304,6,28,6
3305,6,28,6
3306,6,28,6
3307,6,28,6
3308,6,28,6
3309,6,28,6
3310,6,28,6
3311,6,28,6
3312,6,28,6
3313,6,28,6
3314,6,28,6
3315,6,28,6
3316,6,28,6
3317,6,28,6
3318,6,28,6
3319,6,28,6
3320,6,28,6
3321,6,28,6
3322,6,28,6
3323,6,28,6
3324,6,28,6
3325,6,28,6
3326,6,28,6
3327,6,28,6
3328,6,28,6
3329,6,28,6
3330,6,28,6
3331,6,28,6
3332,6,28,6
3333,6,28,6
3334,6,28,6
3335,6,28,6
3336,6,28,6
3337,6,28,6
3338,6,28,6
3339,6,28,6
3340,6,28,6
3341,6,28,6
3342,6,28,6
3343,6,28,6
3344,6,28,6
3345,6,28,6
3346,6,28,6
3347,6,28,6
3348,6,28,6
3349,6,28,6
3350,6,28,6
3351,6,28,6
3352,6,28,6
3353,6,28,6
3354,6,28,6
3355,6,28,6
3356,6,28,6
3357,6,28,6
3358,6,28,6
3359,6,28,6
3360,6,28,6
3361,6,28,6
3362,6,28,6
3363,6,28,6
3364,6,28,6
3365,6,28,6
3366,6,28,6
3367,6,28,6
3368,6,28,6
3369,6,28,6
3370,6,28,6
3371,6,28,6
3372,6,28,6
3373,6,28,6
3374,6,28,6
3375,6,28,6
3376,6,28,6
3377,6,28,6
3378,6,28,6
3379,6,28,6
3380,6,28,6
3381,6,28,6
3382,6,28,6
3383,6,28,6
3384,6,28,6
3385,6,28,6
3386,6,28,6
3387,6,28,6
3388,6,28,6
3389,6,28,6
3390,6,28,6
3391,6,28,6
3392,6,28,6
3393,6,28,6
3394,6,28,6
3395,6,28,6
3396,6,28,6
3397,6,28,6
3398,6,28,6
3399,6,28,6
3400,6,28,6
3401,6,28,6
3402,6,28,6
3403,6,28,6
3404,6,28,6
3405,6,28,6
3406,6,28,6
3407,6,28,6
3408,6,28,6
3409,5,29,6
3410,5,29,6
3411,5,29,6
3412,5,29,6
3413,5,29,6
3414,5,29,6
3415,5,29,6
3416,5,29,6
3417,5,29,6
3418,5,29,6
3419,5,29,6
3420,5,29,6
3421,5,29,6
3422,5,29,6
3423,5,29,6
3424,5,29,6
3425,5,29,6
3426,5,29,6
3427,5,29,6
3428,5,29,6
3429,5,29,6
3430,5,29,6
3431,5,29,6
3432,5,29,6
3433,5,29,6
3434,5,29,6
3435,5,29,6
3436,5,29,6
3437,5,29,6
3438,5,29,6
3439,5,29,6
3440,5,29,6
3441,5,29,6
3442,5,29,6
3443,5,29,6
3444,5,29,6
3445,5,29,6
3446,5,29,6
3447,5,29,6
3448,5,29,6
3449,5,29,6
3450,5,29,6
3451,5,29,6
3452,5,29,6
3453,5,29,6
3454,5,29,6
3455,5,29,6
3456,5,29,6
3457,5,29,6
3458,5,29,6
3459,5,29,6
3460,5,29,6
3461,5,29,6
3462,5,29,6
3463,5,29,6
3464,5,29,6
3465,5,29,6
3466,5,29,6
3467,5,29,6
3468,5,29,6
3469,5,29,6
3470,5,29,6
3471,5,29,6
3472,5,29,6
3473,5,29,6
3474,5,29,6
3475,5,29,6
3476,5,29,6
3477,5,29,6
3478,5,29,6
3479,5,29,6
3480,5,29,6
3481,5,29,6
3482,5,29,6
3483,5,29,6
3484,5,29,6
3485,5,29,6
3486,5,29,6
3487,5,29,6
3488,5,29,6
3489,5,29,6
3490,5,29,6
3491,5,29,6
3492,5,29,6
3493,5,29,6
3494,5,29,6
3495,5,29,6
3496,5,29,6
3497,5,29,6
3498,5,29,6
3499,5,29,6
3500,5,29,6
3501,5,29,6
3502,5,29,6
3503,5,29,6
3504,5,29,6
3505,5,29,6
3506,5,29,6
3507,5,29,6
3508,5,29,6
3509,5,29,6
3510,5,29,6
3511,5,29,6
3512,5,29,6
3513,5,29,6
3514,5,29,6
3515,5,29,6
3516,5,29,6
3517,5,29,6
3518,5,29,6
3519,5,29,6
3520,5,29,6
3521,5,29,6
3522,5,29,6
3523,5,29,6
3524,5,29,6
3525,5,29,6
3526,5,29,6
3527,5,28,7
3528,5,28,7
3529,5,28,7
3530,5,28,7
3531,5,28,7
3532,5,28,7
3533,5,28,7
3534,5,28,7
3535,5,28,7
3536,5,28,7
3537,5,28,7
3538,5,28,7
3539,5,28,7
3540,5,28,7
3541,5,28,7
3542,5,28,7
3543,5,28,7
3544,5,28,7
3545,5,28,7
3546,5,28,7
3547,5,28,7
3548,5,28,7
3549,5,28,7
3550,5,28,7
3551,5,28,7
3552,5,28,7
3553,5,28,7
3554,5,28,7
3555,5,28,7
3556,5,28,7
3557,5,28,7
3558,5,28,7
3559,5,28,7
3560,5,28,7
3561,5,28,7
3562,5,28,7
3563,5,28,7
3564,5,28,7
3565,5,28,7
3566,5,28,7
3567,5,28,7
3568,5,28,7
3569,5,28,7
3570,5,28,7
3571,5,28,7
3572,5,28,7
3573,5,28,7
3574,5,28,7
3575,5,28,7
3576,5,28,7
3577,5,27,8
3578,5,26,9
3579,5,26,9
3580,5,26,9
3581,5,26,9
3582,5,26,9
3583,5,26,9
3584,5,26,9
3585,5,26,9
3586,5,26,9
3587,5,26,9
3588,5,26,9
3589,5,26,9
3590,5,26,9
3591,5,26,9
3592,5,26,9
3593,5,26,9
3594,5,26,9
3595,5,26,9
3596,5,26,9
3597,5,26,9
3598,5,26,9
3599,5,26,9
3600,5,26,9
3601,5,26,9
3602,5,26,9
3603,5,26,9
3604,5,26,9
3605,5,26,9
3606,5,26,9
3607,5,26,9
3608,5,26,9
3609,5,26,9
3610,5,26,9
3611,5,26,9
3612,5,26,9
3613,5,26,9
3614,5,26,9
3615,5,26,9
3616,5,26,9
3617,5,26,9
3618,5,26,9
3619,5,26,9
3620,5,26,9
3621,5,26,9
3622,5,26,9
3623,5,26,9
3624,5,26,9
3625,5,26,9
3626,5,26,9
3627,5,26,9
3628,5,26,9
3629,5,26,9
3630,5,26,9
3631,5,26,9
3632,5,26,9
3633,5,26,9
3634,5,26,9
3635,5,26,9
3636,5,26,9
3637,5,26,9
3638,5,26,9
3639,5,26,9
3640,5,26,9
3641,5,26,9
3642,5,26,9
3643,5,26,9
3644,5,26,9
3645,5,26,9
3646,5,26,9
3647,5,26,9
3648,5,26,9
3649,5,26,9
3650,5,26,9
3651,5,26,9
3652,5,26,9
3653,5,26,9
3654,5,26,9
3655,5,26,9
3656,5,26,9
3657,5,26,9
3658,5,26,9
3659,5,26,9
3660,5,26,9
3661,5,26,9
3662,5,26,9
3663,5,26,9
3664,5,26,9
3665,5,26,9
3666,5,26,9
3667,5,26,9
3668,5,26,9
3669,5,26,9
3670,5,26,9
3671,5,26,9
3672,5,26,9
3673,5,26,9
3674,5,26,9
3675,5,26,9
3676,5,26,9
3677,5,26,9
3678,5,26,9
3679,5,26,9
3680,5,26,9
3681,5,26,9
3682,5,26,9
3683,5,26,9
3684,5,26,9
3685,5,26,9
3686,5,26,9
3687,5,26,9
3688,5,26,9
3689,5,26,9
3690,5,26,9
3691,5,26,9
3692,5,26,9
3693,5,26,9
3694,5,26,9
3695,5,26,9
3696,5,26,9
3697,5,26,9
3698,5,26,9
3699,5,26,9
3700,5,26,9
3701,5,26,9
3702,5,26,9
3703,5,26,9
3704,5,26,9
3705,5,26,9
3706,5,26,9
3707,5,26,9
3708,5,26,9
3709,5,26,9
3710,5,26,9
3711,5,26,9
3712,5,25,10
3713,5,25,10
3714,5,25,10
3715,5,25,10
3716,5,25,10
3717,5,25,10
3718,5,25,10
3719,5,25,10
3720,5,25,10
3721,5,25,10
3722,5,25,10
3723,5,25,10
3724,5,25,10
3725,5,25,10
3726,5,25,10
3727,5,25,10
3728,5,25,10
3729,5,25,10
3730,5,25,10
3731,5,25,10
3732,5,25,10
3733,5,25,10
3734,5,25,10
3735,5,25,10
3736,5,25,10
3737,5,25,10
3738,5,25,10
3739,5,25,10
3740,5,25,10
3741,5,25,10
3742,5,25,10
3743,5,25,10
3744,5,25,10
3745,5,25,10
3746,5,25,10
3747,5,25,10
3748,5,25,10
3749,5,25,10
3750,5,25,10
3751,5,25,10
3752,5,25,10
3753,5,25,10
3754,5,25,10
3755,5,25,10
3756,5,25,10
3757,4,26,10
3758,4,26,10
3759,4,26,10
3760,4,26,10
3761,4,26,10
3762,4,26,10
3763,4,26,10
3764,4,26,10
3765,4,26,10
3766,4,26,10
3767,4,26,10
3768,4,26,10
3769,4,26,10
3770,4,26,10
3771,4,26,10
3772,4,26,10
3773,4,26,10
3774,4,26,10
3775,4,26,10
3776,4,26,10
3777,4,26,10
3778,4,26,10
3779,4,26,10
3780,4,26,10
3781,4,26,10
3782,4,26,10
3783,4,26,10
3784,4,26,10
3785,4,26,10
3786,4,26,10
3787,4,26,10
3788,4,26,10
3789,4,26,10
3790,4,26,10
3791,4,26,10
3792,4,26,10
3793,4,26,10
3794,4,26,10
3795,4,26,10
3796,4,26,10
3797,4,26,10
3798,4,26,10
3799,4,26,10
3800,4,26,10
3801,4,26,10
3802,4,26,10
3803,4,26,10
3804,4,26,10
3805,4,26,10
3806,4,26,10
3807,4,26,10
3808,4,26,10
3809,4,26,10
3810,4,26,10
3811,4,26,10
3812,4,26,10
3813,4,26,10
3814,4,26,10
3815,4,26,10
3816,4,26,10
3817,4,26,10
3818,4,26,10
3819,4,26,10
3820,4,26,10
3821,4,26,10
3822,4,26,10
3823,4,26,10
3824,4,26,10
3825,4,26,10
3826,4,26,10
3827,4,26,10
3828,4,26,10
3829,4,26,10
3830,4,26,10
3831,4,26,10
3832,4,26,10
3833,4,26,10
3834,4,26,10
3835,4,26,10
3836,4,26,10
3837,4,26,10
3838,4,26,10
3839,4,26,10
3840,4,26,10
3841,4,26,10
3842,4,26,10
3843,4,26,10
3844,4,26,10
3845,4,26,10
3846,4,26,10
3847,4,26,10
3848,4,26,10
3849,4,26,10
3850,4,26,10
3851,4,26,10
3852,4,26,10
3853,4,26,10
3854,4,26,10
3855,4,26,10
3856,4,26,10
3857,4,26,10
3858,4,26,10
3859,4,26,10
3860,4,26,10
3861,4,26,10
3862,4,26,10
3863,4,26,10
3864,4,26,10
3865,4,26,10
3866,4,26,10
3867,4,26,10
3868,4,26,10
3869,4,26,10
3870,4,26,10
3871,4,26,10
3872,4,26,10
3873,4,26,10
3874,4,26,10
3875,4,26,10
3876,4,26,10
3877,4,26,10
3878,4,26,10
3879,4,26,10
3880,4,26,10
3881,4,26,10
3882,4,26,10
3883,4,26,10
3884,4,26,10
3885,4,26,10
3886,4,26,10
3887,4,26,10
3888,4,26,10
3889,4,26,10
3890,4,26,10
3891,4,26,10
3892,4,26,10
3893,4,26,10
3894,4,26,10
3895,4,26,10
3896,4,25,11
3897,4,25,11
3898,4,25,11
3899,4,25,11
3900,4,25,11
3901,4,25,11
3902,4,25,11
3903,4,25,11
3904,4,25,11
3905,4,25,11
3906,4,25,11
3907,4,25,11
3908,4,25,11
3909,4,25,11
3910,4,25,11
3911,4,25,11
3912,4,25,11
3913,4,25,11
3914,4,25,11
3915,4,25,11
3916,4,25,11
3917,4,25,11
3918,4,25,11
3919,4,25,11
3920,4,25,11
3921,4,25,11
3922,4,25,11
3923,4,25,11
3924,4,25,11
3925,4,25,11
3926,4,25,11
3927,4,25,11
3928,4,25,11
3929,4,25,11
3930,4,25,11
3931,4,25,11
3932,4,25,11
3933,4,25,11
3934,4,25,11
3935,4,25,11
3936,4,25,11
3937,4,25,11
3938,4,25,11
3939,4,25,11
3940,4,25,11
3941,4,25,11
3942,4,25,11
3943,4,25,11
3944,4,25,11
3945,4,25,11
3946,4,25,11
3947,4,25,11
3948,4,25,11
3949,4,25,11
3950,4,25,11
3951,4,25,11
3952,4,25,11
3953,4,25,11
3954,4,25,11
3955,4,25,11
3956,4,25,11
3957,4,25,11
3958,4,25,11
3959,4,25,11
3960,4,25,11
3961,4,25,11
3962,4,25,11
3963,4,25,11
3964,4,25,11
3965,4,25,11
3966,4,25,11
3967,4,25,11
3968,4,25,11
3969,4,25,11
3970,4,25,11
3971,4,25,11
3972,4,25,11
3973,4,25,11
3974,4,25,11
3975,4,25,11
3976,4,25,11
3977,4,25,11
3978,4,25,11
3979,4,25,11
3980,4,25,11
3981,4,25,11
3982,4,25,11
3983,4,25,11
3984,4,25,11
3985,4,25,11
3986,4,25,11
3987,4,25,11
3988,4,25,11
3989,4,25,11
3990,4,25,11
3991,4,25,11
3992,4,25,11
3993,4,25,11
3994,4,25,11
3995,4,25,11
3996,4,25,11
3997,4,25,11
3998,4,25,11
3999,4,25,11
4000,4,25,11
4001,4,25,11
4002,4,25,11
4003,4,25,11
4004,4,25,11
4005,4,25,11
4006,4,25,11
4007,4,25,11
4008,4,25,11
4009,4,25,11
4010,4,25,11
4011,4,25,11
4012,4,25,11
4013,4,25,11
4014,4,25,11
4015,4,25,11
4016,4,25,11
4017,4,25,11
4018,4,25,11
4019,4,25,11
4020,4,25,11
4021,4,25,11
4022,4,25,11
4023,4,25,11
4024,4,25,11
4025,4,25,11
4026,4,25,11
4027,4,25,11
4028,4,25,11
4029,4,25,11
4030,4,25,11
4031,4,25,11
4032,4,25,11
4033,4,25,11
4034,4,25,11
4035,4,25,11
4036,4,25,11
4037,4,25,11
4038,4,25,11
4039,4,25,11
4040,4,25,11
4041,4,25,11
4042,4,25,11
4043,4,25,11
4044,4,25,11
4045,4,25,11
4046,4,25,11
4047,4,25,11
4048,4,25,11
4049,4,25,11
4050,4,25,11
4051,4,25,11
4052,4,25,11
4053,4,25,11
4054,4,25,11
4055,4,25,11
4056,4,25,11
4057,4,25,11
4058,4,25,11
4059,4,25,11
4060,4,25,11
4061,4,25,11
4062,4,25,11
4063,4,25,11
4064,4,25,11
4065,4,25,11
4066,4,25,11
4067,4,25,11
4068,4,25,11
4069,4,25,11
4070,4,25,11
4071,4,25,11
4072,4,25,11
4073,4,25,11
4074,4,25,11
4075,4,25,11
4076,4,25,11
4077,4,25,11
4078,4,25,11
4079,4,25,11
4080,4,25,11
4081,4,25,11
4082,4,25,11
4083,4,25,11
4084,4,25,11
4085,4,25,11
4086,4,25,11
4087,4,25,11
4088,4,25,11
4089,4,25,11
4090,4,25,11
4091,4,25,11
4092,4,25,11
4093,4,25,11
4094,4,25,11
4095,4,24,12
4096,4,24,12
4097,4,24,12
4098,4,24,12
4099,4,24,12
4100,4,24,12
4101,4,24,12
4102,4,24,12
4103,4,24,12
4104,4,24,12
4105,4,24,12
4106,4,24,12
4107,4,24,12
4108,4,24,12
4109,4,24,12
4110,4,24,12
4111,4,24,12
4112,4,24,12
4113,4,24,12
4114,4,24,12
4115,4,24,12
4116,4,24,12
4117,4,24,12
4118,4,24,12
4119,4,24,12
4120,4,24,12
4121,4,24,12
4122,4,24,12
4123,4,24,12
4124,4,24,12
4125,4,24,12
4126,4,24,12
4127,4,24,12
4128,4,24,12
4129,4,24,12
4130,4,24,12
4131,4,24,12
4132,4,24,12
4133,4,24,12
4134,4,24,12
4135,4,24,12
4136,4,24,12
4137,4,24,12
4138,4,24,12
4139,4,24,12
4140,4,24,12
4141,4,24,12
4142,4,24,12
4143,4,24,12
4144,4,24,12
4145,4,24,12
4146,4,24,12
4147,4,24,12
4148,4,24,12
4149,4,24,12
4150,4,24,12
4151,4,24,12
4152,4,24,12
4153,4,24,12
4154,4,24,12
4155,4,24,12
4156,4,24,12
4157,4,24,12
4158,4,24,12
4159,4,24,12
4160,4,24,12
4161,4,24,12
4162,4,24,12
4163,4,24,12
4164,4,24,12
4165,4,24,12
4166,4,24,12
4167,4,24,12
4168,4,24,12
4169,4,24,12
4170,4,24,12
4171,4,24,12
4172,4,24,12
4173,4,24,12
4174,4,23,13
4175,4,23,13
4176,4,23,13
4177,4,23,13
4178,4,23,13
4179,4,23,13
4180,4,23,13
4181,4,23,13
4182,4,23,13
4183,4,23,13
4184,4,23,13
4185,4,23,13
4186,4,23,13
4187,4,23,13
4188,4,23,13
4189,4,23,13
4190,4,23,13
4191,4,23,13
4192,4,23,13
4193,4,23,13
4194,4,23,13
4195,4,23,13
4196,4,22,14
4197,4,22,14
4198,4,22,14
4199,4,22,14
4200,4,22,14
4201,4,22,14
4202,4,22,14
4203,4,22,14
4204,4,22,14
4205,4,22,14
4206,4,22,14
4207,4,22,14
4208,4,22,14
4209,4,22,14
4210,4,22,14
4211,4,22,14
4212,4,22,14
4213,4,22,14
4214,4,22,14
4215,4,22,14
4216,4,22,14
4217,4,22,14
4218,4,22,14
4219,4,22,14
4220,4,22,14
4221,4,22,14
4222,4,22,14
4223,4,22,14
4224,4,22,14
4225,4,22,14
4226,4,22,14
4227,4,22,14
4228,4,22,14
4229,4,22,14
4230,4,22,14
4231,4,22,14
4232,4,22,14
4233,4,22,14
4234,4,22,14
4235,4,22,14
4236,4,22,14
4237,4,22,14
4238,4,22,14
4239,4,22,14
4240,4,22,14
4241,4,22,14
4242,4,22,14
4243,4,22,14
4244,4,22,14
4245,4,22,14
4246,4,22,14
4247,4,22,14
4248,4,22,14
4249,4,22,14
4250,4,22,14
4251,4,22,14
4252,4,22,14
4253,4,22,14
4254,4,22,14
4255,4,22,14
4256,4,22,14
4257,4,22,14
4258,4,22,14
4259,4,22,14
4260,4,21,15
4261,4,21,15
4262,4,21,15
4263,4,21,15
4264,4,21,15
4265,4,21,15
4266,4,21,15
4267,4,21,15
4268,4,21,15
4269,4,21,15
4270,4,21,15
4271,4,21,15
4272,4,21,15
4273,4,21,15
4274,4,21,15
4275,4,21,15
4276,4,21,15
4277,4,21,15
4278,4,21,15
4279,4,21,15
4280,4,21,15
4281,4,21,15
4282,4,21,15
4283,4,21,15
4284,4,21,15
4285,4,21,15
4286,4,21,15
4287,4,21,15
4288,4,21,15
4289,4,21,15
4290,4,21,15
4291,4,20,16
4292,4,20,16
4293,4,20,16
4294,4,20,16
4295,4,20,16
4296,4,20,16
4297,4,20,16
4298,4,20,16
4299,4,20,16
4300,4,20,16
4301,4,20,16
4302,4,20,16
4303,4,20,16
4304,4,20,16
4305,4,20,16
4306,4,20,16
4307,4,20,16
4308,4,20,16
4309,4,20,16
4310,4,20,16
4311,4,20,16
4312,4,20,16
4313,4,20,16
4314,4,20,16
4315,4,20,16
4316,4,20,16
4317,4,20,16
4318,4,20,16
4319,4,20,16
4320,4,20,16
4321,4,20,16
4322,4,20,16
4323,4,20,16
4324,4,20,16
4325,4,20,16
4326,4,20,16
4327,4,20,16
4328,4,20,16
4329,4,20,16
4330,4,20,16
4331,4,20,16
4332,4,20,16
4333,4,20,16
4334,4,20,16
4335,4,20,16
4336,4,20,16
4337,3,21,16
4338,3,21,16
4339,3,21,16
4340,3,20,17
4341,3,20,17
4342,3,20,17
4343,3,20,17
4344,3,20,17
4345,3,20,17
4346,3,20,17
4347,3,20,17
4348,3,20,17
4349,3,20,17
4350,3,20,17
4351,3,20,17
4352,3,20,17
4353,3,20,17
4354,3,20,17
4355,3,20,17
4356,3,20,17
4357,3,20,17
4358,3,20,17
4359,3,20,17
4360,3,20,17
4361,3,20,17
4362,3,20,17
4363,3,20,17
4364,3,20,17
4365,3,20,17
4366,3,20,17
4367,3,20,17
4368,3,20,17
4369,3,20,17
4370,3,20,17
4371,3,20,17
4372,3,20,17
4373,3,20,17
4374,3,20,17
4375,3,20,17
4376,3,20,17
4377,3,20,17
4378,3,20,17
4379,3,20,17
4380,3,20,17
4381,3,20,17
4382,3,20,17
4383,3,20,17
4384,3,20,17
4385,3,20,17
4386,3,20,17
4387,3,20,17
4388,3,20,17
4389,3,20,17
4390,3,20,17
4391,3,20,17
4392,3,20,17
4393,3,20,17
4394,3,20,17
4395,3,20,17
4396,3,20,17
4397,3,20,17
4398,3,20,17
4399,3,20,17
4400,3,20,17
4401,3,20,17
4402,3,20,17
4403,3,20,17
4404,3,20,17
4405,3,20,17
4406,3,20,17
4407,3,20,17
4408,3,20,17
4409,3,20,17
4410,3,20,17
4411,3,20,17
4412,3,20,17
4413,3,20,17
4414,3,20,17
4415,3,20,17
4416,3,20,17
4417,3,20,17
4418,3,20,17
4419,3,20,17
4420,3,20,17
4421,3,20,17
4422,3,20,17
4423,3,20,17
4424,3,20,17
4425,3,20,17
4426,3,20,17
4427,3,20,17
4428,3,20,17
4429,3,20,17
4430,3,20,17
4431,3,20,17
4432,3,20,17
4433,3,20,17
4434,3,20,17
4435,3,20,17
4436,3,20,17
4437,3,20,17
4438,3,20,17
4439,3,20,17
4440,3,20,17
4441,3,20,17
4442,3,20,17
4443,3,20,17
4444,3,20,17
4445,3,20,17
4446,3,20,17
4447,3,20,17
4448,3,20,17
4449,3,20,17
4450,3,20,17
4451,3,20,17
4452,3,20,17
4453,3,20,17
4454,3,20,17
4455,3,20,17
4456,3,20,17
4457,3,20,17
4458,3,20,17
4459,3,20,17
4460,3,20,17
4461,3,20,17
4462,3,20,17
4463,3,20,17
4464,3,20,17
4465,3,20,17
4466,3,20,17
4467,3,20,17
4468,3,20,17
4469,3,20,17
4470,3,20,17
4471,3,20,17
4472,3,20,17
4473,3,20,17
4474,3,20,17
4475,3,20,17
4476,3,19,18
4477,3,19,18
4478,3,19,18
4479,3,19,18
4480,3,19,18
4481,3,19,18
4482,3,19,18
4483,3,19,18
4484,3,19,18
4485,3,19,18
4486,3,19,18
4487,3,19,18
4488,3,19,18
4489,3,19,18
4490,3,19,18
4491,3,19,18
4492,3,19,18
4493,3,19,18
4494,3,19,18
4495,3,19,18
4496,3,19,18
4497,3,19,18
4498,3,19,18
4499,3,19,18
4500,3,19,18
4501,3,19,18
4502,3,19,18
4503,3,19,18
4504,3,19,18
4505,3,19,18
4506,3,19,18
4507,3,19,18
4508,3,19,18
4509,3,19,18
4510,3,19,18
4511,3,19,18
4512,3,19,18
4513,3,19,18
4514,3,19,18
4515,3,19,18
4516,3,19,18
4517,3,19,18
4518,3,19,18
4519,3,19,18
4520,3,19,18
4521,3,19,18
4522,3,19,18
4523,3,19,18
4524,3,19,18
4525,3,19,18
4526,3,19,18
4527,3,19,18
4528,3,19,18
4529,3,19,18
4530,3,19,18
4531,3,19,18
4532,3,19,18
4533,3,19,18
4534,3,19,18
4535,3,19,18
4536,3,19,18
4537,3,19,18
4538,3,19,18
4539,3,19,18
4540,3,19,18
4541,3,19,18
4542,3,19,18
4543,3,19,18
4544,3,19,18
4545,3,19,18
4546,3,19,18
4547,3,19,18
4548,3,19,18
4549,3,19,18
4550,3,19,18
4551,3,19,18
4552,3,19,18
4553,3,19,18
4554,3,19,18
4555,3,19,18
4556,3,19,18
4557,3,19,18
4558,3,19,18
4559,3,19,18
4560,3,19,18
4561,3,19,18
4562,3,19,18
4563,3,19,18
4564,3,19,18
4565,3,19,18
4566,3,19,18
4567,3,19,18
4568,3,19,18
4569,3,19,18
4570,3,19,18
4571,3,19,18
4572,3,19,18
4573,3,19,18
4574,3,19,18
4575,3,19,18
4576,3,19,18
4577,3,19,18
4578,3,19,18
4579,3,19,18
4580,3,19,18
4581,3,19,18
4582,3,19,18
4583,3,19,18
4584,3,19,18
4585,3,19,18
4586,3,19,18
4587,3,19,18
4588,3,19,18
4589,3,19,18
4590,3,19,18
4591,3,19,18
4592,2,20,18
4593,2,20,18
4594,2,20,18
4595,2,20,18
4596,2,20,18
4597,2,20,18
4598,2,20,18
4599,2,20,18
4600,2,20,18
4601,2,20,18
4602,2,20,18
4603,2,20,18
4604,2,20,18
4605,2,20,18
4606,2,20,18
4607,2,20,18
4608,2,20,18
4609,2,20,18
4610,2,20,18
4611,2,20,18
4612,2,20,18
4613,2,20,18
4614,2,20,18
4615,2,20,18
4616,2,20,18
4617,2,20,18
4618,2,20,18
4619,2,20,18
4620,2,20,18
4621,2,20,18
4622,2,20,18
4623,2,20,18
4624,2,20,18
4625,2,20,18
4626,2,20,18
4627,2,20,18
4628,2,20,18
4629,2,20,18
4630,2,20,18
4631,2,20,18
4632,2,20,18
4633,2,20,18
4634,2,20,18
4635,2,20,18
4636,2,20,18
4637,2,20,18
4638,2,20,18
4639,2,20,18
4640,2,20,18
4641,2,20,18
4642,2,20,18
4643,2,20,18
4644,2,20,18
4645,2,20,18
4646,2,20,18
4647,2,20,18
4648,2,20,18
4649,2,20,18
4650,2,20,18
4651,2,20,18
4652,2,20,18
4653,2,20,18
4654,2,20,18
4655,2,20,18
4656,2,20,18
4657,2,20,18
4658,2,20,18
4659,2,20,18
4660,2,20,18
4661,2,20,18
4662,2,20,18
4663,2,20,18
4664,2,20,18
4665,2,20,18
4666,2,20,18
4667,2,20,18
4668,2,20,18
4669,2,20,18
4670,2,20,18
4671,2,20,18
4672,2,20,18
4673,2,20,18
4674,2,20,18
4675,2,20,18
4676,2,20,18
4677,2,20,18
4678,2,20,18
4679,2,20,18
4680,2,20,18
4681,2,20,18
4682,2,20,18
4683,2,20,18
4684,2,20,18
4685,2,20,18
4686,2,20,18
4687,2,20,18
4688,2,20,18
4689,2,20,18
4690,2,20,18
4691,2,20,18
4692,2,20,18
4693,2,20,18
4694,2,20,18
4695,2,20,18
4696,2,20,18
4697,2,20,18
4698,2,20,18
4699,2,20,18
4700,2,20,18
4701,2,20,18
4702,2,20,18
4703,2,20,18
4704,2,20,18
4705,2,20,18
4706,2,20,18
4707,2,20,18
4708,2,20,18
4709,2,20,18
4710,2,20,18
4711,2,20,18
4712,2,20,18
4713,2,20,18
4714,2,20,18
4715,2,20,18
4716,2,20,18
4717,2,20,18
4718,2,20,18
4719,2,20,18
4720,2,20,18
4721,2,20,18
4722,2,20,18
4723,2,20,18
4724,2,20,18
4725,2,20,18
4726,2,20,18
4727,2,20,18
4728,2,20,18
4729,2,20,18
4730,2,20,18
4731,2,20,18
4732,2,20,18
4733,2,20,18
4734,2,20,18
4735,2,20,18
4736,2,20,18
4737,2,20,18
4738,2,20,18
4739,2,20,18
4740,2,20,18
4741,2,20,18
4742,2,20,18
4743,2,20,18
4744,2,20,18
4745,2,20,18
4746,2,20,18
4747,2,20,18
4748,2,20,18
4749,2,20,18
4750,2,20,18
4751,2,20,18
4752,2,20,18
4753,2,20,18
4754,2,20,18
4755,2,20,18
4756,2,20,18
4757,2,20,18
4758,2,20,18
4759,2,20,18
4760,2,20,18
4761,2,20,18
4762,2,20,18
4763,2,20,18
4764,2,20,18
4765,2,20,18
4766,2,20,18
4767,2,20,18
4768,2,20,18
4769,2,20,18
4770,2,20,18
4771,2,20,18
4772,2,20,18
4773,2,20,18
4774,2,20,18
4775,2,20,18
4776,2,20,18
4777,2,20,18
4778,2,20,18
4779,2,20,18
4780,2,20,18
4781,2,20,18
4782,2,20,18
4783,2,20,18
4784,2,20,18
4785,2,20,18
4786,2,20,18
4787,2,20,18
4788,2,20,18
4789,2,20,18
4790,2,20,18
4791,2,20,18
4792,2,20,18
4793,2,20,18
4794,2,20,18
4795,2,20,18
4796,2,20,18
4797,2,20,18
4798,2,20,18
4799,2,20,18
4800,2,20,18
4801,2,20,18
4802,2,20,18
4803,2,20,18
4804,2,20,18
4805,2,20,18
4806,2,20,18
4807,2,20,18
4808,2,20,18
4809,2,20,18
4810,2,20,18
4811,2,20,18
4812,2,20,18
4813,2,20,18
4814,2,20,18
4815,2,20,18
4816,2,20,18
4817,2,20,18
4818,2,20,18
4819,2,20,18
4820,2,20,18
4821,2,20,18
4822,2,20,18
4823,2,20,18
4824,2,20,18
4825,2,20,18
4826,2,20,18
4827,2,20,18
4828,2,20,18
4829,2,20,18
4830,2,20,18
4831,2,20,18
4832,2,20,18
4833,2,20,18
4834,2,20,18
4835,2,20,18
4836,2,20,18
4837,2,20,18
4838,2,20,18
4839,2,20,18
4840,2,20,18
4841,2,20,18
4842,2,20,18
4843,2,20,18
4844,2,20,18
4845,2,20,18
4846,2,20,18
4847,2,20,18
4848,2,20,18
4849,2,20,18
4850,2,20,18
4851,2,20,18
4852,2,20,18
4853,2,20,18
4854,2,20,18
4855,2,20,18
4856,2,20,18
4857,2,20,18
4858,2,20,18
4859,2,20,18
4860,2,20,18
4861,2,20,18
4862,2,20,18
4863,2,20,18
4864,2,20,18
4865,2,20,18
4866,2,20,18
4867,2,20,18
4868,2,20,18
4869,2,20,18
4870,2,20,18
4871,2,20,18
4872,2,20,18
4873,2,20,18
4874,2,20,18
4875,2,20,18
4876,2,20,18
4877,2,20,18
4878,2,20,18
4879,2,20,18
4880,2,20,18
4881,2,20,18
4882,2,20,18
4883,2,20,18
4884,2,20,18
4885,2,20,18
4886,2,20,18
4887,2,20,18
4888,2,20,18
4889,2,20,18
4890,2,20,18
4891,2,20,18
4892,2,20,18
4893,2,20,18
4894,2,20,18
4895,2,20,18
4896,2,20,18
4897,2,20,18
4898,2,20,18
4899,2,20,18
4900,2,20,18
4901,2,20,18
4902,2,20,18
4903,2,20,18
4904,2,20,18
4905,2,20,18
4906,2,20,18
4907,2,20,18
4908,2,20,18
4909,2,20,18
4910,2,20,18
4911,2,20,18
4912,2,20,18
4913,2,20,18
4914,2,20,18
4915,2,20,18
4916,2,20,18
4917,2,20,18
4918,2,20,18
4919,2,20,18
4920,2,20,18
4921,2,20,18
4922,2,20,18
4923,2,20,18
4924,2,20,18
4925,2,20,18
4926,2,20,18
4927,2,20,18
4928,2,20,18
4929,2,20,18
4930,2,19,19
4931,2,19,19
4932,2,19,19
4933,2,19,19
4934,2,19,19
4935,2,19,19
4936,2,19,19
4937,2,19,19
4938,2,19,19
4939,2,19,19
4940,2,19,19
4941,2,19,19
4942,2,19,19
4943,2,19,19
4944,2,19,19
4945,2,19,19
4946,2,19,19
4947,2,19,19
4948,2,19,19
4949,2,19,19
4950,2,19,19
4951,2,19,19
4952,2,19,19
4953,2,19,19
4954,2,19,19
4955,2,19,19
4956,2,19,19
4957,2,19,19
4958,2,19,19
4959,2,19,19
4960,2,19,19
4961,2,19,19
4962,2,18,20
4963,2,18,20
4964,2,18,20
4965,2,18,20
4966,2,18,20
4967,2,18,20
4968,2,18,20
4969,2,18,20
4970,2,18,20
4971,2,18,20
4972,2,18,20
4973,2,18,20
4974,2,18,20
4975,2,18,20
4976,2,18,20
4977,2,18,20
4978,2,18,20
4979,2,18,20
4980,2,18,20
4981,2,18,20
4982,2,18,20
4983,2,18,20
4984,2,18,20
4985,2,18,20
4986,2,18,20
4987,2,18,20
4988,2,18,20
4989,2,18,20
4990,2,18,20
4991,2,18,20
4992,2,18,20
4993,2,18,20
4994,2,18,20
4995,2,18,20
4996,2,18,20
4997,2,18,20
4998,2,18,20
4999,2,18,20
5000,2,18,20
5001,2,18,20
5002,2,18,20
5003,2,18,20
5004,2,18,20
5005,2,18,20
5006,2,18,20
5007,2,18,20
5008,2,18,20
5009,2,18,20
5010,2,18,20
5011,2,18,20
5012,2,18,20
5013,2,18,20
5014,2,18,20
5015,2,18,20
5016,2,18,20
5017,2,18,20
5018,2,18,20
5019,2,18,20
5020,2,18,20
5021,2,18,20
5022,2,18,20
5023,2,18,20
5024,2,18,20
5025,2,18,20
5026,2,18,20
5027,2,18,20
5028,2,18,20
5029,2,18,20
5030,2,18,20
5031,2,18,20
5032,2,18,20
5033,2,18,20
5034,2,18,20
5035,2,18,20
5036,2,18,20
5037,2,18,20
5038,2,17,21
5039,2,17,21
5040,2,17,21
5041,2,17,21
5042,2,17,21
5043,2,17,21
5044,2,17,21
5045,2,17,21
5046,2,17,21
5047,2,17,21
5048,2,17,21
5049,2,17,21
5050,2,17,21
5051,2,17,21
5052,2,17,21
5053,2,17,21
5054,2,17,21
5055,2,17,21
5056,2,17,21
5057,2,17,21
5058,2,17,21
5059,2,17,21
5060,2,17,21
5061,2,17,21
5062,2,17,21
5063,2,17,21
5064,2,17,21
5065,2,17,21
5066,2,17,21
5067,2,17,21
5068,2,16,22
5069,2,16,22
5070,2,16,22
5071,2,16,22
5072,2,16,22
5073,2,16,22
5074,2,16,22
5075,2,16,22
5076,2,16,22
5077,2,16,22
5078,2,16,22
5079,2,16,22
5080,2,16,22
5081,2,16,22
5082,2,16,22
5083,2,16,22
5084,2,16,22
5085,2,16,22
5086,2,16,22
5087,2,16,22
5088,2,16,22
5089,2,16,22
5090,2,16,22
5091,2,16,22
5092,2,16,22
5093,2,16,22
5094,2,16,22
5095,2,16,22
5096,2,16,22
5097,2,16,22
5098,2,16,22
5099,2,16,22
5100,2,16,22
5101,2,16,22
5102,2,16,22
5103,2,16,22
5104,2,16,22
5105,2,16,22
5106,2,16,22
5107,2,16,22
5108,2,16,22
5109,2,16,22
5110,2,16,22
5111,2,16,22
5112,2,16,22
5113,2,16,22
5114,2,16,22
5115,2,16,22
5116,2,16,22
5117,2,16,22
5118,2,16,22
5119,2,16,22
5120,2,16,22
5121,2,16,22
5122,2,16,22
5123,2,16,22
5124,2,15,23
5125,2,15,23
5126,2,15,23
5127,2,15,23
5128,2,15,23
5129,2,15,23
5130,2,15,23
5131,2,15,23
5132,2,15,23
5133,2,15,23
5134,2,15,23
5135,2,15,23
5136,2,15,23
5137,2,15,23
5138,2,15,23
5139,2,15,23
5140,2,15,23
5141,2,15,23
5142,2,14,24
5143,2,14,24
5144,2,14,24
5145,2,14,24
5146,2,14,24
5147,2,14,24
5148,2,14,24
5149,2,14,24
5150,2,14,24
5151,2,14,24
5152,2,14,24
5153,2,14,24
5154,2,14,24
5155,2,14,24
5156,2,14,24
5157,2,14,24
5158,2,14,24
5159,2,14,24
5160,2,14,24
5161,2,14,24
5162,2,14,24
5163,2,14,24
5164,2,14,24
5165,2,14,24
5166,2,13,25
5167,2,13,25
5168,2,13,25
5169,2,13,25
5170,2,13,25
5171,2,13,25
5172,2,13,25
5173,2,13,25
5174,2,13,25
5175,2,13,25
5176,2,13,25
5177,2,13,25
5178,2,13,25
5179,2,13,25
5180,2,13,25
5181,2,13,25
5182,2,13,25
5183,2,13,25
5184,2,13,25
5185,2,13,25
5186,2,13,25
5187,2,13,25
5188,2,13,25
5189,2,13,25
5190,2,13,25
5191,2,13,25
5192,2,13,25
5193,2,13,25
5194,2,13,25
5195,2,13,25
5196,2,13,25
5197,2,13,25
5198,2,13,25
5199,2,13,25
5200,2,13,25
5201,2,13,25
5202,2,13,25
5203,2,13,25
5204,2,13,25
5205,2,13,25
5206,2,13,25
5207,2,13,25
5208,2,13,25
5209,2,13,25
5210,2,13,25
5211,2,13,25
5212,2,13,25
5213,2,13,25
5214,2,13,25
5215,2,13,25
5216,2,13,25
5217,2,13,25
5218,2,13,25
5219,2,13,25
5220,2,13,25
5221,2,13,25
5222,2,13,25
5223,2,13,25
5224,2,13,25
5225,2,13,25
5226,2,13,25
5227,2,13,25
5228,2,13,25
5229,2,13,25
5230,2,13,25
5231,2,13,25
5232,2,13,25
5233,2,13,25
5234,2,13,25
5235,2,13,25
5236,2,13,25
5237,2,13,25
5238,2,13,25
5239,2,13,25
5240,2,13,25
5241,2,13,25
5242,2,13,25
5243,2,13,25
5244,2,13,25
5245,2,13,25
5246,2,13,25
5247,2,13,25
5248,2,13,25
5249,2,13,25
5250,2,13,25
5251,2,13,25
5252,2,13,25
5253,2,13,25
5254,2,13,25
5255,2,13,25
5256,2,13,25
5257,2,13,25
5258,2,13,25
5259,2,13,25
5260,2,13,25
5261,2,13,25
5262,2,13,25
5263,2,13,25
5264,2,13,25
5265,2,13,25
5266,2,13,25
5267,2,13,25
5268,2,13,25
5269,2,13,25
5270,2,13,25
5271,2,13,25
5272,2,13,25
5273,2,13,25
5274,2,13,25
5275,2,13,25
5276,2,13,25
5277,2,13,25
5278,2,13,25
5279,2,13,25
5280,2,13,25
5281,2,13,25
5282,2,13,25
5283,2,13,25
5284,2,13,25
5285,2,13,25
5286,2,13,25
5287,2,13,25
5288,2,13,25
5289,2,13,25
5290,2,13,25
5291,2,13,25
5292,2,13,25
5293,2,13,25
5294,2,13,25
5295,2,13,25
5296,2,13,25
5297,2,13,25
5298,2,13,25
5299,2,13,25
5300,2,13,25
5301,2,13,25
5302,2,13,25
5303,2,13,25
5304,2,13,25
5305,2,13,25
5306,2,13,25
5307,2,13,25
5308,2,13,25
5309,2,13,25
5310,2,13,25
5311,2,13,25
5312,2,13,25
5313,2,13,25
5314,2,13,25
5315,2,13,25
5316,2,13,25
5317,2,13,25
5318,2,13,25
5319,2,13,25
5320,2,13,25
5321,2,13,25
5322,2,13,25
5323,2,13,25
5324,2,13,25
5325,2,13,25
5326,2,13,25
5327,2,13,25
5328,2,12,26
5329,2,12,26
5330,2,12,26
5331,2,12,26
5332,2,12,26
5333,2,12,26
5334,2,12,26
5335,2,12,26
5336,2,12,26
5337,2,12,26
5338,2,12,26
5339,2,12,26
5340,2,12,26
5341,2,12,26
5342,2,12,26
5343,2,12,26
5344,2,12,26
5345,2,12,26
5346,2,12,26
5347,2,12,26
5348,2,12,26
5349,2,12,26
5350,2,12,26
5351,2,12,26
5352,2,12,26
5353,2,12,26
5354,2,12,26
5355,2,12,26
5356,2,12,26
5357,2,12,26
5358,2,12,26
5359,2,12,26
5360,2,12,26
5361,2,12,26
5362,2,12,26
5363,2,12,26
5364,2,12,26
5365,2,12,26
5366,2,12,26
5367,2,12,26
5368,2,11,27
5369,2,11,27
5370,2,11,27
5371,2,11,27
5372,2,11,27
5373,2,11,27
5374,2,11,27
5375,2,11,27
5376,2,11,27
5377,2,11,27
5378,2,11,27
5379,2,11,27
5380,2,11,27
5381,2,11,27
5382,2,11,27
5383,2,11,27
5384,2,11,27
5385,2,11,27
5386,2,11,27
5387,2,11,27
5388,2,11,27
5389,2,11,27
5390,2,11,27
5391,2,11,27
5392,2,11,27
5393,2,10,28
5394,2,10,28
5395,2,10,28
5396,2,10,28
5397,2,10,28
5398,2,10,28
5399,2,10,28
5400,2,10,28
5401,2,10,28
5402,2,10,28
5403,2,10,28
5404,2,10,28
5405,2,10,28
5406,2,10,28
5407,2,10,28
5408,2,10,28
5409,2,10,28
5410,2,10,28
5411,2,10,28
5412,2,10,28
5413,2,10,28
5414,2,10,28
5415,2,10,28
5416,2,10,28
5417,2,10,28
5418,2,10,28
5419,2,10,28
5420,2,9,29
5421,2,9,29
5422,2,9,29
5423,2,9,29
5424,2,9,29
5425,2,9,29
5426,2,9,29
5427,2,9,29
5428,2,9,29
5429,2,9,29
5430,2,9,29
5431,2,9,29
5432,2,9,29
5433,2,9,29
5434,2,9,29
5435,2,9,29
5436,2,9,29
5437,2,9,29
5438,2,9,29
5439,2,9,29
5440,2,9,29
5441,2,9,29
5442,2,9,29
5443,2,9,29
5444,2,9,29
5445,2,9,29
5446,2,9,29
5447,2,9,29
5448,2,9,29
5449,2,9,29
5450,2,9,29
5451,2,9,29
5452,2,9,29
5453,2,9,29
5454,2,9,29
5455,2,9,29
5456,2,9,29
5457,2,9,29
5458,2,9,29
5459,2,9,29
5460,2,9,29
5461,2,9,29
5462,2,9,29
5463,2,9,29
5464,2,9,29
5465,2,9,29
5466,2,9,29
5467,2,8,30
5468,2,7,31
5469,2,7,31
5470,2,7,31
5471,2,7,31
5472,2,7,31
5473,2,7,31
5474,2,7,31
5475,2,7,31
5476,2,7,31
5477,2,7,31
5478,2,7,31
5479,2,7,31
5480,2,7,31
5481,2,7,31
5482,2,7,31
5483,2,7,31
5484,2,7,31
5485,2,7,31
5486,2,7,31
5487,2,7,31
5488,2,7,31
5489,2,7,31
5490,2,7,31
5491,2,7,31
5492,2,7,31
5493,2,7,31
5494,2,7,31
5495,2,7,31
5496,2,7,31
5497,2,7,31
5498,2,7,31
5499,2,7,31
5500,2,7,31
5501,2,7,31
5502,2,7,31
5503,2,7,31
5504,2,7,31
5505,2,7,31
5506,2,7,31
5507,2,7,31
5508,2,7,31
5509,2,7,31
5510,2,7,31
5511,2,7,31
5512,2,7,31
5513,2,7,31
5514,2,7,31
5515,2,7,31
5516,2,7,31
5517,2,7,31
5518,2,7,31
5519,2,7,31
5520,2,7,31
5521,2,7,31
5522,2,7,31
5523,2,7,31
5524,2,7,31
5525,2,7,31
5526,2,7,31
5527,2,7,31
5528,2,7,31
5529,2,7,31
5530,2,7,31
5531,1,8,31
5532,1,8,31
5533,1,8,31
5534,1,8,31
5535,1,8,31
5536,1,8,31
5537,1,8,31
5538,1,8,31
5539,1,8,31
5540,1,8,31
5541,1,8,31
5542,1,8,31
5543,1,8,31
5544,1,8,31
5545,1,8,31
5546,1,8,31
5547,1,8,31
5548,1,8,31
5549,1,8,31
5550,1,8,31
5551,1,8,31
5552,1,8,31
5553,1,8,31
5554,1,8,31
5555,1,7,32
5556,1,7,32
5557,1,7,32
5558,1,7,32
5559,1,7,32
5560,1,7,32
5561,1,7,32
5562,1,7,32
5563,1,7,32
5564,1,7,32
5565,1,7,32
5566,1,7,32
5567,1,7,32
5568,1,7,32
5569,1,7,32
5570,1,7,32
5571,1,7,32
5572,1,7,32
5573,1,7,32
5574,1,7,32
5575,1,7,32
5576,1,7,32
5577,1,7,32
5578,1,7,32
5579,1,7,32
5580,1,7,32
5581,1,7,32
5582,1,7,32
5583,1,7,32
5584,1,7,32
5585,1,7,32
5586,1,7,32
5587,1,7,32
5588,1,7,32
5589,1,7,32
5590,1,7,32
5591,1,7,32
5592,1,7,32
5593,1,7,32
5594,1,7,32
5595,1,7,32
5596,1,7,32
5597,1,7,32
5598,1,7,32
5599,1,7,32
5600,1,7,32
5601,1,7,32
5602,1,7,32
5603,1,7,32
5604,1,7,32
5605,1,7,32
5606,1,7,32
5607,1,7,32
5608,1,7,32
5609,1,6,33
5610,1,6,33
5611,1,6,33
5612,1,6,33
5613,1,6,33
5614,1,6,33
5615,1,6,33
5616,1,6,33
5617,1,6,33
5618,1,6,33
5619,1,6,33
5620,1,6,33
5621,1,6,33
5622,1,6,33
5623,1,5,34
5624,1,5,34
5625,1,5,34
5626,1,5,34
5627,1,5,34
5628,1,5,34
5629,1,5,34
5630,1,5,34
5631,1,5,34
5632,1,5,34
5633,1,5,34
5634,1,5,34
5635,1,5,34
5636,1,5,34
5637,1,5,34
5638,1,5,34
5639,1,5,34
5640,1,5,34
5641,1,5,34
5642,1,5,34
5643,1,5,34
5644,1,5,34
5645,1,5,34
5646,1,5,34
5647,1,5,34
5648,1,5,34
5649,1,5,34
5650,1,5,34
5651,1,5,34
5652,1,5,34
5653,1,5,34
5654,1,5,34
5655,1,5,34
5656,1,5,34
5657,1,5,34
5658,1,5,34
5659,1,5,34
5660,1,5,34
5661,1,5,34
5662,1,5,34
5663,1,5,34
5664,1,5,34
5665,1,5,34
5666,1,5,34
5667,1,5,34
5668,1,5,34
5669,1,5,34
5670,1,5,34
5671,1,5,34
5672,1,5,34
5673,1,5,34
5674,1,5,34
5675,1,5,34
5676,1,5,34
5677,1,5,34
5678,1,5,34
5679,1,5,34
5680,1,5,34
5681,1,5,34
5682,1,5,34
5683,1,5,34
5684,1,5,34
5685,1,5,34
5686,1,5,34
5687,1,5,34
5688,1,5,34
5689,1,5,34
5690,1,5,34
5691,1,5,34
5692,1,5,34
5693,1,5,34
5694,1,5,34
5695,1,5,34
5696,1,5,34
5697,1,5,34
5698,1,5,34
5699,1,5,34
5700,1,5,34
5701,1,5,34
5702,1,5,34
5703,1,5,34
5704,1,5,34
5705,1,5,34
5706,1,5,34
5707,1,5,34
5708,1,5,34
5709,1,5,34
5710,1,5,34
5711,1,5,34
5712,1,5,34
5713,1,5,34
5714,1,5,34
5715,1,5,34
5716,1,5,34
5717,1,5,34
5718,1,5,34
5719,1,5,34
5720,1,5,34
5721,1,5,34
5722,1,5,34
5723,1,5,34
5724,1,5,34
5725,1,5,34
5726,1,5,34
5727,1,5,34
5728,1,5,34
5729,1,5,34
5730,1,5,34
5731,1,5,34
5732,1,5,34
5733,1,5,34
5734,1,5,34
5735,1,5,34
5736,1,5,34
5737,1,5,34
5738,1,5,34
5739,1,5,34
5740,1,5,34
5741,1,5,34
5742,1,5,34
5743,1,5,34
5744,1,5,34
5745,1,5,34
5746,1,5,34
5747,1,5,34
5748,1,5,34
5749,1,5,34
5750,1,5,34
5751,1,5,34
5752,1,5,34
5753,1,5,34
5754,1,5,34
5755,1,5,34
5756,1,5,34
5757,1,5,34
5758,1,5,34
5759,1,5,34
5760,1,5,34
5761,1,5,34
5762,1,5,34
5763,1,5,34
5764,1,5,34
5765,1,5,34
5766,1,5,34
5767,1,5,34
5768,1,5,34
5769,1,5,34
5770,1,5,34
5771,1,5,34
5772,1,5,34
5773,1,5,34
5774,1,5,34
5775,1,5,34
5776,1,5,34
5777,1,5,34
5778,1,5,34
5779,1,5,34
5780,1,5,34
5781,1,5,34
5782,1,5,34
5783,1,5,34
5784,1,5,34
5785,1,5,34
5786,1,5,34
5787,1,5,34
5788,1,5,34
5789,1,5,34
5790,1,5,34
5791,1,5,34
5792,1,5,34
5793,1,5,34
5794,1,5,34
5795,1,5,34
5796,1,5,34
5797,1,5,34
5798,1,5,34
5799,1,5,34
5800,1,5,34
5801,1,5,34
5802,1,5,34
5803,1,5,34
5804,1,5,34
5805,1,5,34
5806,1,5,34
5807,1,5,34
5808,1,5,34
5809,1,4,35
5810,1,4,35
5811,1,4,35
5812,1,4,35
5813,1,4,35
5814,1,4,35
5815,1,4,35
5816,1,4,35
5817,1,4,35
5818,1,4,35
5819,1,4,35
5820,1,4,35
5821,1,4,35
5822,1,4,35
5823,1,4,35
5824,1,4,35
5825,1,4,35
5826,1,4,35
5827,1,4,35
5828,1,4,35
5829,1,4,35
5830,1,4,35
5831,1,4,35
5832,1,4,35
5833,1,4,35
5834,1,4,35
5835,1,4,35
5836,1,4,35
5837,1,4,35
5838,1,4,35
5839,1,4,35
5840,1,4,35
5841,1,4,35
5842,1,4,35
5843,1,4,35
5844,1,4,35
5845,1,4,35
5846,1,4,35
5847,1,4,35
5848,1,4,35
5849,1,4,35
5850,1,4,35
5851,1,4,35
5852,1,4,35
5853,1,4,35
5854,1,4,35
5855,1,4,35
5856,1,4,35
5857,1,4,35
5858,1,4,35
5859,1,4,35
5860,1,4,35
5861,1,4,35
5862,1,4,35
5863,1,4,35
5864,1,4,35
5865,1,4,35
5866,1,4,35
5867,1,4,35
5868,1,4,35
5869,1,4,35
5870,1,4,35
5871,1,4,35
5872,1,4,35
5873,1,4,35
5874,1,4,35
5875,1,4,35
5876,1,4,35
5877,1,4,35
5878,1,4,35
5879,1,4,35
5880,1,4,35
5881,1,4,35
5882,1,4,35
5883,1,4,35
5884,1,4,35
5885,1,4,35
5886,1,4,35
5887,1,4,35
5888,1,4,35
5889,1,4,35
5890,1,4,35
5891,1,4,35
5892,1,4,35
5893,1,4,35
5894,1,4,35
5895,1,4,35
5896,1,4,35
5897,1,4,35
5898,1,4,35
5899,1,4,35
5900,1,4,35
5901,1,4,35
5902,1,4,35
5903,1,4,35
5904,1,4,35
5905,1,4,35
5906,1,4,35
5907,1,4,35
5908,1,4,35
5909,1,4,35
5910,1,4,35
5911,1,4,35
5912,1,4,35
5913,1,4,35
5914,1,4,35
5915,1,4,35
5916,1,4,35
5917,1,4,35
5918,1,4,35
5919,1,4,35
5920,1,4,35
5921,1,4,35
5922,1,4,35
5923,1,4,35
5924,1,4,35
5925,1,4,35
5926,1,4,35
5927,1,4,35
5928,1,4,35
5929,1,4,35
5930,1,4,35
5931,1,4,35
5932,1,4,35
5933,1,4,35
5934,1,4,35
5935,1,4,35
5936,1,4,35
5937,1,4,35
5938,1,4,35
5939,1,4,35
5940,1,4,35
5941,1,4,35
5942,1,4,35
5943,1,4,35
5944,1,4,35
5945,1,4,35
5946,1,4,35
5947,1,4,35
5948,1,4,35
5949,1,4,35
5950,1,4,35
5951,1,4,35
5952,1,4,35
5953,1,4,35
5954,1,4,35
5955,1,4,35
5956,1,4,35
5957,1,4,35
5958,1,4,35
5959,1,4,35
5960,1,4,35
5961,1,4,35
5962,1,4,35
5963,1,4,35
5964,1,4,35
5965,1,4,35
5966,1,4,35
5967,1,4,35
5968,1,4,35
5969,1,4,35
5970,1,4,35
5971,1,4,35
5972,1,4,35
5973,1,4,35
5974,1,4,35
5975,1,4,35
5976,1,4,35
5977,1,4,35
5978,1,4,35
5979,1,4,35
5980,1,4,35
5981,1,4,35
5982,1,4,35
5983,1,4,35
5984,1,4,35
5985,1,4,35
5986,1,4,35
5987,1,4,35
5988,1,4,35
5989,1,4,35
5990,1,4,35
5991,1,4,35
5992,1,4,35
5993,1,4,35
5994,1,4,35
5995,1,4,35
5996,1,4,35
5997,1,4,35
5998,1,4,35
5999,1,4,35
6000,1,4,35
6001,1,4,35
6002,1,4,35
6003,1,4,35
6004,1,4,35
6005,1,4,35
6006,1,4,35
6007,1,4,35
6008,1,4,35
6009,1,4,35
6010,1,4,35
6011,1,4,35
6012,1,4,35
6013,1,4,35
6014,1,4,35
6015,1,4,35
6016,1,4,35
6017,1,4,35
6018,1,4,35
6019,1,4,35
6020,1,4,35
6021,1,4,35
6022,1,4,35
6023,1,4,35
6024,1,4,35
6025,1,4,35
6026,1,4,35
6027,1,4,35
6028,1,4,35
6029,1,4,35
6030,1,4,35
6031,1,4,35
6032,1,4,35
6033,1,4,35
6034,1,4,35
6035,1,4,35
6036,1,4,35
6037,1,4,35
6038,1,4,35
6039,1,4,35
6040,1,4,35
6041,1,4,35
6042,1,4,35
6043,1,4,35
6044,1,4,35
6045,1,4,35
6046,1,4,35
6047,1,4,35
6048,1,4,35
6049,1,4,35
6050,1,4,35
6051,1,4,35
6052,1,4,35
6053,1,4,35
6054,1,4,35
6055,1,4,35
6056,1,4,35
6057,1,4,35
6058,1,4,35
6059,1,4,35
6060,1,4,35
6061,1,4,35
6062,1,4,35
6063,1,4,35
6064,1,4,35
6065,1,4,35
6066,1,4,35
6067,1,4,35
6068,1,4,35
6069,1,4,35
6070,1,4,35
6071,1,4,35
6072,1,4,35
6073,1,4,35
6074,1,4,35
6075,1,4,35
6076,1,4,35
6077,1,4,35
6078,1,4,35
6079,1,4,35
6080,1,4,35
6081,1,4,35
6082,1,4,35
6083,1,4,35
6084,1,4,35
6085,1,4,35
6086,1,4,35
6087,1,4,35
6088,1,4,35
6089,1,4,35
6090,1,4,35
6091,1,4,35
6092,1,4,35
6093,1,4,35
6094,1,4,35
6095,1,4,35
6096,1,4,35
6097,1,4,35
6098,1,4,35
6099,1,4,35
6100,1,4,35
6101,1,4,35
6102,1,4,35
6103,1,4,35
6104,1,4,35
6105,1,4,35
6106,1,4,35
6107,1,4,35
6108,1,4,35
6109,1,4,35
6110,1,4,35
6111,1,4,35
6112,1,4,35
6113,1,4,35
6114,1,4,35
6115,1,4,35
6116,1,4,35
6117,1,4,35
6118,1,4,35
6119,1,4,35
6120,1,4,35
6121,1,4,35
6122,1,4,35
6123,1,4,35
6124,1,4,35
6125,1,4,35
6126,1,4,35
6127,1,4,35
6128,1,4,35
6129,1,4,35
6130,1,4,35
6131,1,4,35
6132,1,4,35
6133,1,4,35
6134,1,4,35
6135,1,4,35
6136,1,4,35
6137,1,4,35
6138,1,4,35
6139,1,4,35
6140,1,4,35
6141,1,4,35
6142,1,4,35
6143,1,4,35
6144,1,4,35
6145,1,4,35
6146,1,4,35
6147,1,4,35
6148,1,4,35
6149,1,4,35
6150,1,4,35
6151,1,4,35
6152,1,4,35
6153,1,4,35
6154,1,4,35
6155,1,4,35
6156,1,4,35
6157,1,3,36
6158,1,3,36
6159,1,3,36
6160,1,3,36
6161,1,3,36
6162,1,3,36
6163,1,3,36
6164,1,3,36
6165,1,3,36
6166,1,3,36
6167,1,3,36
6168,1,3,36
6169,1,3,36
6170,1,3,36
6171,1,3,36
6172,1,3,36
6173,1,3,36
6174,1,3,36
6175,1,3,36
6176,1,3,36
6177,1,3,36
6178,1,3,36
6179,1,3,36
6180,1,3,36
6181,1,3,36
6182,1,3,36
6183,1,3,36
6184,1,3,36
6185,1,3,36
6186,1,3,36
6187,1,3,36
6188,1,3,36
6189,1,3,36
6190,1,3,36
6191,1,3,36
6192,1,3,36
6193,1,3,36
6194,1,3,36
6195,1,3,36
6196,1,3,36
6197,1,3,36
6198,1,3,36
6199,1,3,36
6200,1,3,36
6201,1,3,36
6202,1,3,36
6203,1,3,36
6204,1,3,36
6205,1,3,36
6206,1,3,36
6207,1,3,36
6208,1,3,36
6209,1,3,36
6210,1,3,36
6211,1,3,36
6212,1,3,36
6213,1,3,36
6214,1,3,36
6215,1,3,36
6216,1,3,36
6217,1,3,36
6218,1,3,36
6219,1,3,36
6220,1,3,36
6221,1,3,36
6222,1,3,36
6223,1,3,36
6224,1,3,36
6225,1,3,36
6226,1,3,36
6227,1,3,36
6228,1,3,36
6229,1,3,36
6230,1,3,36
6231,1,3,36
6232,1,3,36
6233,1,3,36
6234,1,3,36
6235,1,3,36
6236,1,3,36
6237,1,3,36
6238,1,3,36
6239,1,3,36
6240,1,3,36
6241,1,3,36
6242,1,3,36
6243,1,3,36
6244,1,3,36
6245,1,3,36
6246,1,3,36
6247,1,3,36
6248,1,3,36
6249,1,3,36
6250,1,3,36
6251,1,3,36
6252,1,3,36
6253,1,3,36
6254,1,3,36
6255,1,3,36
6256,1,3,36
6257,1,3,36
6258,1,3,36
6259,1,3,36
6260,1,3,36
6261,1,3,36
6262,1,3,36
6263,1,3,36
6264,1,3,36
6265,1,3,36
6266,1,3,36
6267,1,3,36
6268,1,3,36
6269,1,3,36
6270,1,3,36
6271,1,3,36
6272,1,3,36
6273,1,3,36
6274,1,3,36
6275,1,3,36
6276,1,3,36
6277,1,3,36
6278,1,3,36
6279,1,3,36
6280,1,3,36
6281,1,3,36
6282,1,3,36
6283,1,3,36
6284,1,3,36
6285,1,3,36
6286,1,3,36
6287,1,3,36
6288,1,3,36
6289,1,3,36
6290,1,3,36
6291,1,3,36
6292,1,3,36
6293,1,3,36
6294,1,3,36
6295,1,3,36
6296,1,3,36
6297,1,3,36
6298,1,3,36
6299,1,3,36
6300,1,3,36
6301,1,3,36
6302,1,3,36
6303,1,3,36
6304,1,3,36
6305,1,3,36
6306,1,3,36
6307,1,3,36
6308,1,3,36
6309,1,3,36
6310,1,3,36
6311,1,3,36
6312,1,3,36
6313,1,3,36
6314,1,3,36
6315,1,3,36
6316,1,3,36
6317,1,3,36
6318,1,3,36
6319,1,3,36
6320,1,3,36
6321,1,3,36
6322,1,3,36
6323,1,3,36
6324,1,3,36
6325,1,3,36
6326,1,3,36
6327,1,3,36
6328,1,3,36
6329,1,3,36
6330,1,3,36
6331,1,3,36
6332,1,3,36
6333,1,3,36
6334,1,3,36
6335,1,3,36
6336,1,3,36
6337,1,3,36
6338,1,3,36
6339,1,3,36
6340,1,3,36
6341,1,3,36
6342,1,3,36
6343,1,3,36
6344,1,3,36
6345,1,3,36
6346,1,3,36
6347,1,3,36
6348,1,3,36
6349,1,3,36
6350,1,3,36
6351,1,3,36
6352,1,3,36
6353,1,3,36
6354,1,3,36
6355,1,3,36
6356,1,3,36
6357,1,3,36
6358,1,3,36
6359,1,3,36
6360,1,3,36
6361,1,3,36
6362,1,3,36
6363,1,3,36
6364,1,3,36
6365,1,3,36
6366,1,3,36
6367,1,3,36
6368,1,3,36
6369,1,3,36
6370,1,3,36
6371,1,3,36
6372,1,3,36
6373,1,3,36
6374,1,3,36
6375,1,3,36
6376,1,3,36
6377,1,3,36
6378,1,3,36
6379,1,3,36
6380,1,3,36
6381,1,3,36
6382,1,3,36
6383,1,3,36
6384,1,3,36
6385,1,3,36
6386,1,3,36
6387,1,3,36
6388,1,3,36
6389,1,3,36
6390,1,3,36
6391,1,3,36
6392,1,3,36
6393,1,3,36
6394,1,3,36
6395,1,3,36
6396,1,3,36
6397,1,3,36
6398,1,3,36
6399,1,3,36
6400,1,3,36
6401,1,3,36
6402,1,3,36
6403,1,3,36
6404,1,3,36
6405,1,3,36
6406,1,3,36
6407,1,3,36
6408,1,3,36
6409,1,3,36
6410,1,3,36
6411,1,3,36
6412,1,3,36
6413,1,3,36
6414,1,3,36
6415,1,3,36
6416,1,3,36
6417,1,3,36
6418,1,3,36
6419,1,3,36
6420,1,3,36
6421,1,3,36
6422,1,3,36
6423,1,3,36
6424,1,3,36
6425,1,3,36
6426,1,3,36
6427,1,3,36
6428,1,3,36
6429,1,3,36
6430,1,3,36
6431,1,3,36
6432,1,3,36
6433,1,3,36
6434,1,3,36
6435,1,3,36
6436,1,3,36
6437,1,3,36
6438,1,3,36
6439,1,3,36
6440,1,3,36
6441,1,3,36
6442,1,3,36
6443,1,3,36
6444,1,3,36
6445,1,3,36
6446,1,3,36
6447,1,3,36
6448,1,3,36
6449,1,3,36
6450,1,3,36
6451,1,3,36
6452,1,3,36
6453,1,3,36
6454,1,3,36
6455,1,3,36
6456,1,3,36
6457,1,3,36
6458,1,3,36
6459,1,3,36
6460,1,3,36
6461,1,3,36
6462,1,3,36
6463,1,3,36
6464,1,3,36
6465,1,3,36
6466,1,3,36
6467,1,3,36
6468,1,3,36
6469,1,3,36
6470,1,3,36
6471,1,3,36
6472,1,3,36
6473,1,3,36
6474,1,3,36
6475,1,3,36
6476,1,3,36
6477,1,3,36
6478,1,3,36
6479,1,3,36
6480,1,3,36
6481,1,3,36
6482,1,3,36
6483,1,3,36
6484,1,3,36
6485,1,3,36
6486,1,3,36
6487,1,3,36
6488,1,3,36
6489,1,3,36
6490,1,3,36
6491,1,3,36
6492,1,3,36
6493,1,3,36
6494,1,3,36
6495,1,3,36
6496,1,3,36
6497,1,3,36
6498,1,3,36
6499,1,3,36
6500,1,3,36
6501,1,3,36
6502,1,3,36
6503,1,3,36
6504,1,3,36
6505,1,3,36
6506,1,3,36
6507,1,3,36
6508,1,3,36
6509,1,3,36
6510,1,3,36
6511,1,3,36
6512,1,3,36
6513,1,3,36
6514,1,3,36
6515,1,3,36
6516,1,3,36
6517,1,3,36
6518,1,3,36
6519,1,3,36
6520,1,3,36
6521,1,3,36
6522,1,3,36
6523,1,3,36
6524,1,3,36
6525,1,3,36
6526,1,3,36
6527,1,3,36
6528,1,3,36
6529,1,3,36
6530,1,3,36
6531,1,3,36
6532,1,3,36
6533,1,3,36
6534,1,3,36
6535,1,3,36
6536,1,3,36
6537,1,3,36
6538,1,3,36
6539,1,3,36
6540,1,3,36
6541,1,3,36
6542,1,3,36
6543,1,3,36
6544,1,3,36
6545,1,3,36
6546,1,3,36
6547,1,3,36
6548,1,3,36
6549,1,3,36
6550,1,3,36
6551,1,3,36
6552,1,3,36
6553,1,3,36
6554,1,3,36
6555,1,3,36
6556,1,3,36
6557,1,3,36
6558,1,3,36
6559,1,3,36
6560,1,3,36
6561,1,3,36
6562,1,3,36
6563,1,3,36
6564,1,3,36
6565,1,3,36
6566,1,3,36
6567,1,3,36
6568,1,3,36
6569,1,3,36
6570,1,3,36
6571,1,3,36
6572,1,3,36
6573,1,3,36
6574,1,3,36
6575,1,3,36
6576,1,3,36
6577,1,3,36
6578,1,3,36
6579,1,3,36
6580,1,3,36
6581,1,3,36
6582,1,3,36
6583,1,3,36
6584,1,3,36
6585,1,3,36
6586,1,3,36
6587,1,3,36
6588,1,3,36
6589,1,3,36
6590,1,3,36
6591,1,3,36
6592,1,3,36
6593,1,3,36
6594,1,3,36
6595,1,3,36
6596,1,3,36
6597,1,3,36
6598,1,3,36
6599,1,3,36
6600,1,3,36
6601,1,3,36
6602,1,3,36
6603,1,3,36
6604,1,3,36
6605,1,3,36
6606,1,3,36
6607,1,3,36
6608,1,3,36
6609,1,3,36
6610,1,3,36
6611,1,3,36
6612,1,3,36
6613,1,3,36
6614,1,3,36
6615,1,3,36
6616,1,3,36
6617,1,3,36
6618,1,3,36
6619,1,3,36
6620,1,3,36
6621,1,3,36
6622,1,3,36
6623,1,3,36
6624,1,3,36
6625,1,3,36
6626,1,3,36
6627,1,3,36
6628,1,3,36
6629,1,3,36
6630,1,3,36
6631,1,3,36
6632,1,3,36
6633,1,3,36
6634,1,3,36
6635,1,3,36
6636,1,3,36
6637,1,3,36
6638,1,3,36
6639,1,3,36
6640,1,3,36
6641,1,3,36
6642,1,3,36
6643,1,3,36
6644,1,3,36
6645,1,3,36
6646,1,3,36
6647,1,3,36
6648,1,3,36
6649,1,3,36
6650,1,3,36
6651,1,3,36
6652,1,3,36
6653,1,3,36
6654,1,3,36
6655,1,3,36
6656,1,3,36
6657,1,3,36
6658,1,3,36
6659,1,3,36
6660,1,3,36
6661,1,3,36
6662,1,3,36
6663,1,3,36
6664,1,3,36
6665,1,3,36
6666,1,3,36
6667,1,3,36
6668,1,3,36
6669,1,3,36
6670,1,3,36
6671,1,3,36
6672,1,3,36
6673,1,3,36
6674,1,3,36
6675,1,3,36
6676,1,3,36
6677,1,3,36
6678,1,3,36
6679,1,3,36
6680,1,3,36
6681,1,3,36
6682,1,3,36
6683,1,3,36
6684,1,3,36
6685,1,3,36
6686,1,3,36
6687,1,3,36
6688,1,3,36
6689,1,3,36
6690,1,3,36
6691,1,3,36
6692,1,3,36
6693,1,3,36
6694,1,3,36
6695,1,3,36
6696,1,3,36
6697,1,3,36
6698,1,3,36
6699,1,3,36
6700,1,3,36
6701,1,3,36
6702,1,3,36
6703,1,3,36
6704,1,3,36
6705,1,3,36
6706,1,3,36
6707,1,3,36
6708,1,3,36
6709,1,3,36
6710,1,3,36
6711,1,3,36
6712,1,3,36
6713,1,3,36
6714,1,3,36
6715,1,3,36
6716,1,3,36
6717,1,3,36
6718,1,3,36
6719,1,3,36
6720,1,3,36
6721,1,3,36
6722,1,3,36
6723,1,3,36
6724,1,3,36
6725,1,3,36
6726,1,3,36
6727,1,3,36
6728,1,3,36
6729,1,3,36
6730,1,3,36
6731,1,3,36
6732,1,3,36
6733,1,3,36
6734,1,3,36
6735,1,3,36
6736,1,3,36
6737,1,2,37
6738,1,2,37
6739,1,2,37
6740,1,2,37
6741,1,2,37
6742,1,2,37
6743,1,2,37
6744,1,2,37
6745,1,2,37
6746,1,2,37
6747,1,2,37
6748,1,2,37
6749,1,2,37
6750,1,2,37
6751,1,2,37
6752,1,2,37
6753,1,2,37
6754,1,2,37
6755,1,2,37
6756,1,2,37
6757,1,2,37
6758,1,2,37
6759,1,2,37
6760,1,2,37
6761,1,2,37
6762,1,2,37
6763,1,2,37
6764,1,2,37
6765,1,2,37
6766,1,2,37
6767,1,2,37
6768,1,2,37
6769,1,2,37
6770,1,2,37
6771,1,2,37
6772,1,2,37
6773,1,2,37
6774,1,2,37
6775,1,2,37
6776,1,2,37
6777,1,2,37
6778,1,2,37
6779,1,2,37
6780,1,2,37
6781,1,2,37
6782,1,2,37
6783,1,2,37
6784,1,2,37
6785,1,2,37
6786,1,2,37
6787,1,2,37
6788,1,2,37
6789,1,2,37
6790,1,2,37
6791,1,2,37
6792,1,2,37
6793,1,2,37
6794,1,2,37
6795,1,2,37
6796,1,2,37
6797,1,2,37
6798,1,2,37
6799,1,2,37
6800,1,2,37
6801,1,2,37
6802,1,2,37
6803,1,2,37
6804,1,2,37
6805,1,2,37
6806,1,2,37
6807,1,2,37
6808,1,2,37
6809,1,2,37
6810,1,2,37
6811,1,2,37
6812,1,2,37
6813,1,2,37
6814,1,2,37
6815,1,2,37
6816,1,2,37
6817,1,2,37
6818,1,2,37
6819,1,2,37
6820,1,2,37
6821,1,2,37
6822,1,2,37
6823,1,2,37
6824,1,2,37
6825,1,2,37
6826,1,2,37
6827,1,2,37
6828,1,2,37
6829,1,2,37
6830,1,2,37
6831,1,2,37
6832,1,2,37
6833,1,2,37
6834,1,2,37
6835,1,2,37
6836,1,2,37
6837,1,2,37
6838,1,2,37
6839,1,2,37
6840,1,2,37
6841,1,2,37
6842,1,2,37
6843,1,2,37
6844,1,2,37
6845,1,2,37
6846,1,2,37
6847,1,2,37
6848,1,2,37
6849,1,2,37
6850,1,2,37
6851,1,2,37
6852,1,2,37
6853,1,2,37
6854,1,2,37
6855,1,2,37
6856,1,2,37
6857,1,2,37
6858,1,2,37
6859,1,2,37
6860,1,2,37
6861,1,2,37
6862,1,2,37
6863,1,2,37
6864,1,2,37
6865,1,2,37
6866,1,2,37
6867,1,2,37
6868,1,2,37
6869,1,2,37
6870,1,2,37
6871,1,2,37
6872,1,2,37
6873,1,2,37
6874,1,2,37
6875,1,2,37
6876,1,2,37
6877,1,2,37
6878,1,2,37
6879,1,2,37
6880,1,2,37
6881,1,2,37
6882,1,2,37
6883,1,2,37
6884,1,2,37
6885,1,2,37
6886,1,2,37
6887,1,2,37
6888,1,2,37
6889,1,2,37
6890,1,2,37
6891,1,2,37
6892,1,2,37
6893,1,2,37
6894,1,2,37
6895,1,2,37
6896,1,2,37
6897,1,2,37
6898,1,2,37
6899,1,2,37
6900,1,2,37
6901,1,2,37
6902,1,2,37
6903,1,2,37
6904,1,2,37
6905,1,2,37
6906,1,2,37
6907,1,2,37
6908,1,2,37
6909,1,2,37
6910,1,2,37
6911,1,2,37
6912,1,2,37
6913,1,2,37
6914,1,2,37
6915,1,2,37
6916,1,2,37
6917,1,2,37
6918,1,2,37
6919,1,2,37
6920,1,2,37
6921,1,2,37
6922,1,2,37
6923,1,2,37
6924,1,2,37
6925,1,2,37
6926,1,2,37
6927,1,2,37
6928,1,2,37
6929,1,2,37
6930,1,2,37
6931,1,2,37
6932,1,2,37
6933,1,2,37
6934,1,2,37
6935,1,2,37
6936,1,2,37
6937,1,2,37
6938,1,2,37
6939,1,2,37
6940,1,2,37
6941,1,2,37
6942,1,2,37
6943,1,2,37
6944,1,2,37
6945,1,2,37
6946,1,2,37
6947,1,2,37
6948,1,2,37
6949,1,2,37
6950,1,2,37
6951,1,2,37
6952,1,2,37
6953,1,2,37
6954,1,2,37
6955,1,2,37
6956,1,2,37
6957,1,2,37
6958,1,2,37
6959,1,2,37
6960,1,2,37
6961,1,2,37
6962,1,2,37
6963,1,2,37
6964,1,2,37
6965,1,2,37
6966,1,2,37
6967,1,2,37
6968,1,2,37
6969,1,2,37
6970,1,2,37
6971,1,2,37
6972,1,2,37
6973,1,2,37
6974,1,2,37
6975,1,2,37
6976,1,2,37
6977,1,2,37
6978,1,2,37
6979,1,2,37
6980,1,2,37
6981,1,2,37
6982,1,2,37
6983,1,2,37
6984,1,2,37
6985,1,2,37
6986,1,2,37
6987,1,2,37
6988,1,2,37
6989,1,2,37
6990,1,2,37
6991,1,2,37
6992,1,1,38
6993,1,1,38
6994,1,1,38
6995,1,1,38
6996,1,1,38
6997,1,1,38
6998,1,1,38
6999,1,1,38
7000,1,1,38
7001,1,1,38
7002,1,1,38
7003,1,1,38
7004,1,1,38
7005,1,1,38
7006,1,1,38
7007,1,1,38
7008,1,1,38
7009,1,1,38
7010,1,1,38
7011,1,1,38
7012,1,1,38
7013,1,1,38
7014,1,1,38
7015,1,1,38
7016,1,1,38
7017,1,1,38
7018,1,1,38
7019,1,1,38
7020,1,1,38
7021,1,1,38
7022,1,1,38
7023,1,1,38
7024,1,1,38
7025,1,1,38
7026,1,1,38
7027,1,1,38
7028,1,1,38
7029,1,1,38
7030,1,1,38
7031,1,1,38
7032,1,1,38
7033,1,1,38
7034,1,1,38
7035,1,1,38
7036,1,1,38
7037,1,1,38
7038,1,1,38
7039,1,1,38
7040,1,1,38
7041,1,1,38
7042,1,1,38
7043,1,1,38
7044,1,1,38
7045,1,1,38
7046,1,1,38
7047,1,1,38
7048,1,1,38
7049,1,1,38
7050,1,1,38
7051,1,1,38
7052,1,1,38
7053,1,1,38
7054,1,1,38
7055,1,1,38
7056,1,1,38
7057,1,1,38
7058,1,1,38
7059,1,1,38
7060,1,1,38
7061,1,1,38
7062,1,1,38
7063,1,1,38
7064,1,1,38
7065,1,1,38
7066,1,1,38
7067,1,1,38
7068,1,1,38
7069,1,1,38
7070,1,1,38
7071,1,1,38
7072,1,1,38
7073,1,1,38
7074,1,1,38
7075,1,1,38
7076,1,1,38
7077,1,1,38
7078,1,1,38
7079,1,1,38
7080,1,1,38
7081,1,1,38
7082,1,1,38
7083,1,1,38
7084,1,1,38
7085,1,1,38
7086,1,1,38
7087,1,1,38
7088,1,1,38
7089,1,1,38
7090,1,1,38
7091,1,1,38
7092,1,1,38
7093,1,1,38
7094,1,1,38
7095,1,1,38
7096,1,1,38
7097,1,1,38
7098,1,1,38
7099,1,1,38
7100,1,1,38
7101,1,1,38
7102,1,1,38
7103,1,1,38
7104,1,1,38
7105,1,1,38
7106,1,1,38
7107,1,1,38
7108,1,1,38
7109,1,1,38
7110,1,1,38
7111,1,1,38
7112,1,1,38
7113,1,1,38
7114,1,1,38
7115,1,1,38
7116,1,1,38
7117,1,1,38
7118,1,1,38
7119,1,1,38
7120,1,1,38
7121,1,1,38
7122,1,1,38
7123,1,1,38
7124,1,1,38
7125,1,1,38
7126,1,1,38
7127,1,1,38
7128,1,1,38
7129,1,1,38
7130,1,1,38
7131,1,1,38
7132,1,1,38
7133,1,1,38
7134,1,1,38
7135,1,1,38
7136,1,1,38
7137,1,1,38
7138,1,1,38
7139,1,1,38
7140,1,1,38
7141,1,1,38
7142,1,1,38
7143,1,1,38
7144,1,1,38
7145,1,1,38
7146,1,1,38
7147,1,1,38
7148,1,1,38
7149,1,1,38
7150,1,1,38
7151,1,1,38
7152,1,1,38
7153,1,1,38
7154,1,1,38
7155,1,1,38
7156,1,1,38
7157,1,1,38
7158,1,1,38
7159,1,1,38
7160,1,1,38
7161,1,1,38
7162,1,1,38
7163,1,1,38
7164,1,1,38
7165,1,1,38
7166,1,1,38
7167,1,1,38
7168,1,1,38
7169,1,1,38
7170,1,1,38
7171,1,1,38
7172,1,1,38
7173,1,1,38
7174,1,1,38
7175,1,1,38
7176,1,1,38
7177,1,1,38
7178,1,1,38
7179,1,1,38
7180,1,1,38
7181,1,1,38
7182,1,1,38
7183,1,1,38
7184,1,1,38
7185,1,1,38
7186,1,1,38
7187,1,1,38
7188,1,1,38
7189,1,1,38
7190,1,1,38
7191,1,1,38
7192,1,1,38
7193,1,1,38
7194,1,1,38
7195,1,1,38
7196,1,1,38
7197,1,1,38
7198,1,1,38
7199,1,1,38
7200,1,1,38
7201,1,1,38
7202,1,1,38
7203,1,1,38
7204,1,1,38
7205,1,1,38
7206,1,1,38
7207,1,1,38
7208,1,1,38
7209,1,1,38
7210,1,1,38
7211,1,1,38
7212,1,1,38
7213,1,1,38
7214,1,1,38
7215,1,1,38
7216,1,1,38
7217,1,1,38
7218,1,1,38
7219,1,1,38
7220,1,1,38
7221,1,1,38
7222,1,1,38
7223,1,1,38
7224,1,1,38
7225,1,1,38
7226,1,1,38
7227,1,1,38
7228,1,1,38
7229,1,1,38
7230,1,1,38
7231,1,1,38
7232,1,1,38
7233,1,1,38
7234,1,1,38
7235,1,1,38
7236,1,1,38
7237,1,1,38
7238,1,1,38
7239,1,1,38
7240,1,1,38
7241,1,1,38
7242,1,1,38
7243,1,1,38
7244,1,1,38
7245,1,1,38
7246,1,1,38
7247,1,1,38
7248,1,1,38
7249,1,1,38
7250,1,1,38
7251,1,1,38
7252,1,1,38
7253,1,1,38
7254,1,1,38
7255,1,1,38
7256,1,1,38
7257,1,1,38
7258,1,1,38
7259,1,1,38
7260,1,1,38
7261,1,1,38
7262,1,1,38
7263,1,1,38
7264,1,1,38
7265,1,1,38
7266,1,1,38
7267,1,1,38
7268,1,1,38
7269,1,1,38
7270,1,1,38
7271,1,1,38
7272,1,1,38
7273,1,1,38
7274,1,1,38
7275,1,1,38
7276,1,1,38
7277,1,1,38
7278,1,1,38
7279,1,1,38
7280,1,1,38
7281,1,1,38
7282,1,1,38
7283,1,1,38
7284,1,1,38
7285,1,1,38
7286,1,1,38
7287,1,1,38
7288,1,1,38
7289,1,1,38
7290,1,1,38
7291,1,1,38
7292,1,1,38
7293,1,1,38
7294,1,1,38
7295,1,1,38
7296,1,1,38
7297,1,1,38
7298,1,1,38
7299,1,1,38
7300,1,1,38
7301,1,1,38
7302,1,1,38
7303,1,1,38
7304,1,1,38
7305,1,1,38
7306,1,1,38
7307,1,1,38
7308,1,1,38
7309,1,1,38
7310,1,1,38
7311,1,1,38
7312,1,1,38
7313,1,1,38
7314,1,1,38
7315,1,1,38
7316,1,1,38
7317,1,1,38
7318,1,1,38
7319,1,1,38
7320,1,1,38
7321,1,1,38
7322,1,1,38
7323,1,1,38
7324,1,1,38
7325,1,1,38
7326,1,1,38
7327,1,1,38
7328,1,1,38
7329,1,1,38
7330,1,1,38
7331,1,1,38
7332,1,1,38
7333,1,1,38
7334,1,1,38
7335,1,1,38
7336,1,1,38
7337,1,1,38
7338,1,1,38
7339,1,1,38
7340,1,1,38
7341,1,1,38
7342,1,1,38
7343,1,1,38
7344,1,1,38
7345,1,1,38
7346,1,1,38
7347,1,1,38
7348,1,1,38
7349,1,1,38
7350,1,1,38
7351,1,1,38
7352,1,1,38
7353,1,1,38
7354,1,1,38
7355,1,1,38
7356,1,1,38
7357,1,1,38
7358,1,1,38
7359,1,1,38
7360,1,1,38
7361,1,1,38
7362,1,1,38
7363,1,1,38
7364,1,1,38
7365,1,1,38
7366,1,1,38
7367,1,1,38
7368,1,1,38
7369,1,1,38
7370,1,1,38
7371,1,1,38
7372,1,1,38
7373,1,1,38
7374,1,1,38
7375,1,1,38
7376,1,1,38
7377,1,1,38
7378,1,1,38
7379,1,1,38
7380,1,1,38
7381,1,1,38
7382,1,1,38
7383,1,1,38
7384,1,1,38
7385,1,1,38
7386,1,1,38
7387,1,1,38
7388,1,1,38
7389,1,1,38
7390,1,1,38
7391,1,1,38
7392,1,1,38
7393,1,1,38
7394,1,1,38
7395,1,1,38
7396,1,1,38
7397,1,1,38
7398,1,1,38
7399,1,1,38
7400,1,1,38
7401,1,1,38
7402,1,1,38
7403,1,1,38
7404,1,1,38
7405,1,1,38
7406,1,1,38
7407,1,1,38
7408,1,1,38
7409,1,1,38
7410,1,1,38
7411,1,1,38
7412,1,1,38
7413,1,1,38
7414,1,1,38
7415,1,1,38
7416,1,1,38
7417,1,1,38
7418,1,1,38
7419,1,1,38
7420,1,1,38
7421,1,1,38
7422,1,1,38
7423,1,1,38
7424,1,1,38
7425,1,1,38
7426,1,1,38
7427,1,1,38
7428,1,1,38
7429,1,1,38
7430,1,1,38
7431,1,1,38
7432,1,1,38
7433,1,1,38
7434,1,1,38
7435,1,1,38
7436,1,1,38
7437,1,1,38
7438,1,1,38
7439,1,1,38
7440,1,1,38
7441,1,1,38
7442,1,1,38
7443,1,1,38
7444,1,1,38
7445,1,1,38
7446,1,1,38
7447,1,1,38
7448,1,1,38
7449,1,1,38
7450,1,1,38
7451,1,1,38
7452,1,1,38
7453,1,1,38
7454,1,1,38
7455,1,1,38
7456,1,1,38
7457,1,1,38
7458,1,1,38
7459,1,1,38
7460,1,1,38
7461,1,1,38
7462,1,1,38
7463,1,1,38
7464,1,1,38
7465,1,1,38
7466,1,1,38
7467,1,1,38
7468,1,1,38
7469,1,1,38
7470,1,1,38
7471,1,1,38
7472,1,1,38
7473,1,1,38
7474,1,1,38
7475,1,1,38
7476,1,1,38
7477,1,1,38
7478,1,1,38
7479,1,1,38
7480,1,1,38
7481,1,1,38
7482,1,1,38
7483,1,1,38
7484,1,1,38
7485,1,1,38
7486,1,1,38
7487,1,1,38
7488,1,1,38
7489,1,1,38
7490,1,1,38
7491,1,1,38
7492,1,1,38
7493,1,1,38
7494,1,1,38
7495,1,1,38
7496,1,1,38
7497,1,1,38
7498,1,1,38
7499,1,1,38
7500,1,1,38
7501,1,1,38
7502,1,1,38
7503,1,1,38
7504,1,1,38
7505,1,1,38
7506,1,1,38
7507,1,1,38
7508,1,1,38
7509,1,1,38
7510,1,1,38
7511,1,1,38
7512,1,1,38
7513,1,1,38
7514,1,1,38
7515,1,1,38
7516,1,1,38
7517,1,1,38
7518,1,1,38
7519,1,1,38
7520,1,1,38
7521,1,1,38
7522,1,1,38
7523,1,1,38
7524,1,1,38
7525,1,1,38
7526,1,1,38
7527,1,1,38
7528,1,1,38
7529,1,1,38
7530,1,1,38
7531,1,1,38
7532,1,1,38
7533,1,1,38
7534,1,1,38
7535,1,1,38
7536,1,1,38
7537,1,1,38
7538,1,1,38
7539,1,1,38
7540,1,1,38
7541,1,1,38
7542,1,1,38
7543,1,1,38
7544,1,1,38
7545,1,1,38
7546,1,1,38
7547,1,1,38
7548,1,1,38
7549,1,1,38
7550,1,1,38
7551,1,1,38
7552,1,1,38
7553,1,1,38
7554,1,1,38
7555,1,1,38
7556,1,1,38
7557,1,1,38
7558,1,1,38
7559,1,1,38
7560,1,1,38
7561,1,1,38
7562,1,1,38
7563,1,1,38
7564,1,1,38
7565,1,1,38
7566,1,1,38
7567,1,1,38
7568,1,1,38
7569,1,1,38
7570,1,1,38
7571,1,1,38
7572,1,1,38
7573,1,1,38
7574,1,1,38
7575,1,1,38
7576,1,1,38
7577,1,1,38
7578,1,1,38
7579,1,1,38
7580,1,1,38
7581,1,1,38
7582,1,1,38
7583,1,1,38
7584,1,1,38
7585,1,1,38
7586,1,1,38
7587,1,1,38
7588,1,1,38
7589,1,1,38
7590,1,1,38
7591,1,1,38
7592,1,1,38
7593,1,1,38
7594,1,1,38
7595,1,1,38
7596,1,1,38
7597,1,1,38
7598,1,1,38
7599,1,1,38
7600,1,1,38
7601,1,1,38
7602,1,1,38
7603,1,1,38
7604,1,1,38
7605,1,1,38
7606,1,1,38
7607,1,1,38
7608,1,1,38
7609,1,1,38
7610,1,1,38
7611,1,1,38
7612,1,1,38
7613,1,1,38
7614,1,1,38
7615,1,1,38
7616,1,1,38
7617,1,1,38
7618,1,1,38
7619,1,1,38
7620,1,1,38
7621,1,1,38
7622,1,1,38
7623,1,1,38
7624,1,1,38
7625,1,1,38
7626,1,1,38
7627,1,1,38
7628,1,1,38
7629,1,1,38
7630,1,1,38
7631,1,1,38
7632,1,1,38
7633,1,1,38
7634,1,1,38
7635,1,1,38
7636,1,1,38
7637,1,1,38
7638,1,1,38
7639,1,1,38
7640,1,1,38
7641,1,1,38
7642,1,1,38
7643,1,1,38
7644,1,1,38
7645,1,1,38
7646,1,1,38
7647,1,1,38
7648,1,1,38
7649,1,1,38
7650,1,1,38
7651,1,1,38
7652,1,1,38
7653,1,1,38
7654,1,1,38
7655,1,1,38
7656,1,1,38
7657,1,1,38
7658,1,1,38
7659,1,1,38
7660,1,1,38
7661,1,1,38
7662,1,1,38
7663,1,1,38
7664,1,1,38
7665,1,1,38
7666,1,1,38
7667,1,1,38
7668,1,1,38
7669,1,1,38
7670,1,1,38
7671,1,1,38
7672,1,1,38
7673,1,1,38
7674,1,1,38
7675,1,1,38
7676,1,1,38
7677,1,1,38
7678,1,1,38
7679,1,1,38
7680,1,1,38
7681,1,1,38
7682,1,1,38
7683,1,1,38
7684,1,1,38
7685,1,1,38
7686,1,1,38
7687,1,1,38
7688,1,1,38
7689,1,1,38
7690,1,1,38
7691,1,1,38
7692,1,1,38
7693,1,1,38
7694,1,1,38
7695,1,1,38
7696,1,1,38
7697,1,1,38
7698,1,1,38
7699,1,1,38
7700,1,1,38
7701,1,1,38
7702,1,1,38
7703,1,1,38
7704,1,1,38
7705,1,1,38
7706,1,1,38
7707,1,1,38
7708,1,1,38
7709,1,1,38
7710,1,1,38
7711,1,1,38
7712,1,1,38
7713,1,1,38
7714,1,1,38
7715,1,1,38
7716,1,1,38
7717,1,1,38
7718,1,1,38
7719,1,1,38
7720,1,1,38
7721,1,1,38
7722,1,1,38
7723,1,1,38
7724,1,1,38
7725,1,1,38
7726,1,1,38
7727,1,1,38
7728,1,1,38
7729,1,1,38
7730,1,1,38
7731,1,1,38
7732,1,1,38
7733,1,1,38
7734,1,1,38
7735,1,1,38
7736,1,1,38
7737,1,1,38
7738,1,1,38
7739,1,1,38
7740,1,1,38
7741,1,1,38
7742,1,1,38
7743,1,1,38
7744,1,1,38
7745,1,1,38
7746,1,1,38
7747,1,1,38
7748,1,1,38
7749,1,1,38
7750,1,1,38
7751,1,1,38
7752,1,1,38
7753,1,1,38
7754,1,1,38
7755,1,1,38
7756,1,1,38
7757,1,1,38
7758,1,1,38
7759,1,1,38
7760,1,1,38
7761,1,1,38
7762,1,1,38
7763,1,1,38
7764,1,1,38
7765,1,1,38
7766,1,1,38
7767,1,1,38
7768,1,1,38
7769,1,1,38
7770,1,1,38
7771,1,1,38
7772,1,1,38
7773,1,1,38
7774,1,1,38
7775,1,1,38
7776,1,1,38
7777,1,1,38
7778,1,1,38
7779,1,1,38
7780,1,1,38
7781,1,1,38
7782,1,1,38
7783,1,1,38
7784,1,1,38
7785,1,1,38
7786,1,1,38
7787,1,1,38
7788,1,1,38
7789,1,1,38
7790,1,1,38
7791,1,1,38
7792,1,1,38
7793,1,1,38
7794,1,1,38
7795,1,1,38
7796,1,1,38
7797,1,1,38
7798,1,1,38
7799,1,1,38
7800,1,1,38
7801,1,1,38
7802,1,1,38
7803,1,1,38
7804,1,1,38
7805,1,1,38
7806,1,1,38
7807,1,1,38
7808,1,1,38
7809,1,1,38
7810,1,1,38
7811,1,1,38
7812,1,1,38
7813,1,1,38
7814,1,1,38
7815,1,1,38
7816,1,1,38
7817,1,1,38
7818,1,1,38
7819,1,1,38
7820,1,1,38
7821,1,1,38
7822,1,1,38
7823,1,1,38
7824,1,1,38
7825,1,1,38
7826,1,1,38
7827,1,1,38
7828,1,1,38
7829,1,1,38
7830,1,1,38
7831,1,1,38
7832,1,1,38
7833,1,1,38
7834,1,1,38
7835,1,1,38
7836,1,1,38
7837,1,1,38
7838,1,1,38
7839,1,1,38
7840,1,1,38
7841,1,1,38
7842,1,1,38
7843,1,1,38
7844,1,1,38
7845,1,1,38
7846,1,1,38
7847,1,1,38
7848,1,1,38
7849,1,1,38
7850,1,1,38
7851,1,1,38
7852,1,1,38
7853,1,1,38
7854,1,1,38
7855,1,1,38
7856,1,1,38
7857,1,1,38
7858,1,1,38
7859,1,1,38
7860,1,1,38
7861,1,1,38
7862,1,1,38
7863,1,1,38
7864,1,1,38
7865,1,1,38
7866,1,1,38
7867,1,1,38
7868,1,1,38
7869,1,1,38
7870,1,1,38
7871,1,1,38
7872,1,1,38
7873,1,1,38
7874,1,1,38
7875,1,1,38
7876,1,1,38
7877,1,1,38
7878,1,1,38
7879,1,1,38
7880,1,1,38
7881,1,1,38
7882,1,1,38
7883,1,1,38
7884,1,1,38
7885,1,1,38
7886,1,1,38
7887,1,1,38
7888,1,1,38
7889,1,1,38
7890,1,1,38
7891,1,1,38
7892,1,1,38
7893,1,1,38
7894,1,1,38
7895,1,1,38
7896,1,1,38
7897,1,1,38
7898,1,1,38
7899,1,1,38
7900,1,1,38
7901,1,1,38
7902,1,1,38
7903,1,1,38
7904,1,1,38
7905,1,1,38
7906,1,1,38
7907,1,1,38
7908,1,1,38
7909,1,1,38
7910,1,1,38
7911,1,1,38
7912,1,1,38
7913,1,1,38
7914,1,1,38
7915,1,1,38
7916,1,1,38
7917,1,1,38
7918,1,1,38
7919,1,1,38
7920,1,1,38
7921,1,1,38
7922,1,1,38
7923,1,1,38
7924,1,1,38
7925,1,1,38
7926,1,1,38
7927,1,1,38
7928,1,1,38
7929,1,1,38
7930,1,1,38
7931,1,0,39
